theta freq
1.2822827157509358e-7	0.9999999999998321
0.0019271655319089223	0.9999622390050456
0.0038542028355462695	0.9998489694347077
0.005781240139183617	0.999660201381766
0.007708277442820964	0.9993959516664895
0.00963531474645831	0.9990562438349397
0.011562352050095658	0.998641108156843
0.013489389353733006	0.9981505816228461
0.015416426657370353	0.9975847079411708
0.0173434639610077	0.9969435375336523
0.019270501264645048	0.9962271275311726
0.021197538568282395	0.9954355417684905
0.023124575871919743	0.9945688507784618
0.02505161317555709	0.9936271317856442
0.026978650479194437	0.9926104686993146
0.030832725086469132	0.9903526792606072
0.03275976239010648	0.9891117540789467
0.034686799693743824	0.987796287126998
0.03854087430101852	0.9849422033694889
0.04046791160465586	0.9834038408565223
0.04239494890829321	0.9817914451354279
0.04624902351556791	0.9783451352801098
0.04817606081920525	0.9765115281919726
0.0501030981228426	0.9746045019600801
0.0539571727301173	0.9705708781883102
0.06166532194466669	0.9616305126889914
0.06359235924830403	0.9592146738213175
0.06551939655194139	0.9567269567355382
0.06937347115921608	0.9515367807247288
0.07708162037376547	0.9403040671281734
0.07900865767740281	0.9373197633365471
0.08093569498104017	0.934265531626228
0.08478976958831486	0.9279483787851536
0.09249791880286425	0.9144873214488872
0.09442495610650159	0.91095155657903
0.09635199341013895	0.907348212167747
0.10020606801741364	0.8999400742390865
0.10791421723196302	0.8843273618631614
0.1233305156610618	0.8499959860902734
0.12541964491917348	0.8450330827286492
0.12750877417728518	0.8399976506308855
0.13168703269350854	0.8297113148272405
0.14004354972595529	0.8082919764771217
0.15675658379084878	0.7621944942499174
0.19018265192063574	0.6580796173196591
0.19227178117874744	0.6510921371313341
0.1943609104368591	0.6440524019629821
0.1985391689530825	0.6298191131627958
0.2068956859855292	0.6007581813325922
0.2236087200504227	0.54043045653248
0.2570347881802097	0.41238428349106665
0.2589854743812916	0.40466182924093874
0.26093616058237346	0.3969162306408596
0.26483753298453727	0.3813584165389343
0.2726402777888649	0.3499961405538764
0.28824576739752006	0.28644498113378214
0.3194567466148305	0.15733336214459517
0.3214074328159124	0.14922665086314119
0.3233581190169943	0.14111995790235743
0.32725949141915806	0.12490956123872277
0.33506223622348563	0.09252125149448881
0.35066772583214084	0.0280383939292915
0.3818787050494512	-0.09845342402110932
0.3837911265306714	-0.10604724640558405
0.3857035480118915	-0.11361890443988848
0.3895283909743318	-0.128693110557285
0.3971780768992124	-0.15854688675128753
0.41247744874897363	-0.21693231019079467
0.4430761924484961	-0.32730239908918246
0.4449886139297162	-0.33387476511981523
0.4469010354109364	-0.340405346020531
0.45072587837337674	-0.35333891903137804
0.4583755642982573	-0.3786802944604116
0.4736749361480186	-0.4271400444868688
0.47558735762923876	-0.4329789750139249
0.4774997791104589	-0.43876766030875414
0.48132462207289917	-0.45019233172196876
0.4889743079977798	-0.47241739299147817
0.504273679847541	-0.5142665155138908
0.5063481932832354	-0.5196644626129877
0.50842270671893	-0.5249946572036644
0.512571733590319	-0.5354496875404318
0.520869787333097	-0.555524012305535
0.5229443007687915	-0.5603655888220285
0.5250188142044859	-0.5651354015137553
0.5291678410758749	-0.5744578721899037
0.5374658948186528	-0.5922215832565515
0.5395404082543473	-0.5964763847905827
0.5416149216900418	-0.6006558975963591
0.5457639485614307	-0.6087874441501483
0.5540620023042088	-0.6241297816465454
0.5561365157399032	-0.6277713784614739
0.5582110291755977	-0.6313346712432245
0.5623600560469868	-0.6382249927768271
0.5706581097897647	-0.6510515834560845
0.5727326232254593	-0.654057694014142
0.5748071366611537	-0.6569830145773661
0.5789561635325426	-0.6625902035530143
0.5810306769682372	-0.6652715522989884
0.5831051904039317	-0.6678710717697013
0.5872542172753207	-0.6728236783425027
0.5893287307110151	-0.6751763148395398
0.5914032441467096	-0.6774462208964139
0.5955522710180987	-0.6817370362894938
0.5976267844537932	-0.6837575648051386
0.5997012978894877	-0.6856946012773463
0.6038503247608766	-0.6893175331186626
0.6059248381965712	-0.6910031180572
0.6079993516322656	-0.6926045901215944
0.61007386506796	-0.694121816219235
0.6121483785036546	-0.6955546721307185
0.6142228919393491	-0.6969030425218015
0.6162974053750436	-0.6981668209544225
0.6204464322464326	-0.7004402207325244
0.622520945682127	-0.7014496737688769
0.6245954591178215	-0.7023741982439925
0.6266699725535161	-0.7032137323332492
0.6287444859892106	-0.7039682231546456
0.6308189994249052	-0.7046376267732551
0.6328935128605996	-0.7052219082047396
0.634968026296294	-0.7057210414179143
0.6370425397319885	-0.7061350093363821
0.6389786101106533	-0.7064445140740399
0.640914680489318	-0.7066798345492268
0.6428507508679827	-0.7068409779899649
0.6447868212466474	-0.706927958415561
0.6467228916253122	-0.7069407966345338
0.6486589620039769	-0.7068795202419319
0.6505950323826415	-0.7067441636160198
0.6525311027613062	-0.7065347679143539
0.6544671731399709	-0.706251381069226
0.6564032435186355	-0.7058940577825019
0.6583393138973003	-0.705462859519827
0.660275384275965	-0.7049578545042219
0.6622114546546297	-0.7043791177090565
0.6641475250332944	-0.703726730850411
0.6660835954119592	-0.7030007823788137
0.6680196657906239	-0.7022013674703664
0.6699557361692886	-0.7013285880172632
0.6718918065479533	-0.7003825526176769
0.6738278769266179	-0.6993633765650525
0.6757639473052827	-0.6982711818367775
0.6777000176839474	-0.6971060970822411
0.679636088062612	-0.6958682576102924
0.6835082288199414	-0.6931748889672948
0.6854442991986062	-0.6917196635897945
0.6873803695772709	-0.6901922910526398
0.6912525103346003	-0.6869217846575394
0.6989967918492591	-0.6795228547362313
0.7009328622279238	-0.6774955339818247
0.7028689326065884	-0.6753975962604792
0.7067410733639179	-0.6709907581981109
0.7144853548785768	-0.6613398078942918
0.7164214252572415	-0.6587540824424487
0.7183574956359062	-0.6560996822756952
0.7222296363932356	-0.6505859488094726
0.7299739179078943	-0.6387467339589777
0.7319099882865591	-0.6356195513933519
0.7338460586652238	-0.6324260366738423
0.7377181994225532	-0.625841297942109
0.745462480937212	-0.6118903281917019
0.7609510439665297	-0.5809421131098841
0.7630492062996688	-0.5764454314274927
0.7651473686328077	-0.5718777301980918
0.7693436932990858	-0.5625313799218479
0.777736342631642	-0.5430100814451
0.7945216412967544	-0.5007807409869969
0.7966198036298935	-0.4952149449720067
0.7987179659630325	-0.4895874104452451
0.8029142906293105	-0.47814968694105875
0.8113069399618668	-0.4545619092965155
0.8280922386269791	-0.4046885290150414
0.8301904009601182	-0.3982150592213753
0.8322885632932572	-0.39169080776902465
0.8364848879595352	-0.3784929000817815
0.8448775372920915	-0.3515203387640988
0.8616628359572038	-0.29543937623531896
0.8952334332874284	-0.17616276475714687
0.8972933309007058	-0.1685923341299438
0.8993532285139831	-0.1609977023729266
0.9034730237405377	-0.14573909630167758
0.9117126141936469	-0.1149674653553453
0.9281917950998653	-0.05259179410704162
0.961150156912302	0.07398777649582239
0.9632100545255793	0.0819201298287105
0.9652699521388566	0.08984988856414533
0.9693897473654112	0.10569823761463698
0.9776293378185203	0.13732659979448647
0.9941085187247388	0.2001213691443201
1.0270668805371757	0.32237238849794336
1.0289883350934232	0.32930853072365796
1.0309097896496706	0.3362194667354637
1.0347526987621656	0.3499631594431388
1.0424385169871557	0.37712003987958925
1.0578101534371358	0.4299716857092407
1.0597316079933834	0.43642907748820736
1.0616530625496308	0.4428513290341416
1.0654959716621257	0.45558803137967174
1.0731817898871159	0.48061375888588526
1.088553426337096	0.5287456429464645
1.0904748808933435	0.5345712178681277
1.092396335449591	0.5403525407629808
1.0962392445620859	0.5517802851600786
1.103925062787076	0.5740813820219326
1.119296699237056	0.6163513035773456
1.1212181537933037	0.621406730579277
1.123139608349551	0.6264098227087268
1.126982517462046	0.6362571403085897
1.1346683356870362	0.6553035446386378
1.1500399721370163	0.6907054727823186
1.152123518647738	0.6952189239827506
1.15420706515846	0.6996627198690055
1.1583741581799036	0.7083393901393671
1.166708344222791	0.724835775234019
1.1687918907335129	0.7287786630622662
1.1708754372442347	0.7326481806539276
1.1750425302656784	0.7401653934333013
1.1833767163085658	0.7543009875150801
1.1854602628192876	0.7576453174637025
1.1875438093300095	0.7609130593105654
1.1917109023514532	0.76721732200594
1.193794448862175	0.7702531348786138
1.1958779953728969	0.7732109437690061
1.2000450883943405	0.7788912240409449
1.2021286349050624	0.781613053355612
1.2042121814157842	0.7842555946183196
1.208379274437228	0.7893016206782898
1.2167134604801153	0.7984295726080083
1.2187970069908372	0.8005091647771919
1.220880553501559	0.8025073041586297
1.2250476465230027	0.806258304200129
1.2271311930337245	0.8080107262102838
1.2292147395444464	0.8096808181751672
1.23338183256589	0.8127732298439833
1.235465379076612	0.814195180213003
1.2375489255873338	0.8155340619017961
1.2396324720980556	0.8167897120474021
1.2417160186087774	0.8179619765367796
1.2437995651194993	0.8190507100209858
1.2458831116302211	0.8200557759284121
1.247966658140943	0.8209770464770834
1.2500502046516648	0.8218144026860181
1.2521337511623867	0.8225677343856512
1.2542172976731085	0.823236940227316
1.2563008441838304	0.8238219276917833
1.2583843906945522	0.8243226130968639
1.260467937205274	0.8247389216040578
1.262551483715996	0.825070787224276
1.2646350302267177	0.8253181528226045
1.2667185767374396	0.8254809701221337
1.2688021232481614	0.8255591997068403
1.2708856697588833	0.825552811023526
1.2729692162696051	0.8254617823828128
1.275052762780327	0.8252861009591963
1.2771363092910488	0.8250257627901474
1.2792198558017707	0.824680772774284
1.2813034023124925	0.8242511446685874
1.2833869488232146	0.8237369010846811
1.2853320522769067	0.8231804857531841
1.2872771557305986	0.822550385951078
1.2892222591842908	0.8218466409461513
1.291167362637983	0.8210692967141198
1.2931124660916749	0.8202184059327704
1.295057569545367	0.8192940279754768
1.298947776452751	0.8172250814612525
1.3008928799064432	0.8160806650619965
1.3028379833601353	0.8148630657848487
1.3067281902675194	0.8122086961702608
1.3086732937212116	0.8107721312179896
1.3106183971749035	0.8092627941359455
1.3145086040822878	0.8060262871393771
1.3164537075359797	0.8042993754821017
1.3183988109896718	0.8025002081824504
1.3222890178970559	0.798685695377892
1.324234121350748	0.7966706605687601
1.3261792248044402	0.7945839914768611
1.3300694317118242	0.790196443357931
1.3320145351655164	0.7878959269542206
1.3339596386192083	0.7855245014776586
1.3378498455265926	0.7805697192829629
1.3456302593413607	0.7698183588986498
1.3475753627950526	0.7669564537943494
1.3495204662487448	0.764025396736273
1.3534106731561288	0.7579568248753622
1.3611910869708972	0.7450011837952659
1.3631361904245893	0.7415933527865793
1.3650812938782813	0.7381185262893599
1.3689715007856655	0.730969080780463
1.3767519146004337	0.7158797118021888
1.3786970180541256	0.7119445665399832
1.3806421215078177	0.7079449680494688
1.3845323284152018	0.6997537937144938
1.3923127422299701	0.6826135320592281
1.4078735698595066	0.645386035285643
1.409780408593337	0.6405614816220514
1.4116872473271673	0.6356809134115052
1.415500924794828	0.6257533648074441
1.4231282797301492	0.6052443033046657
1.4383829896007918	0.5617076575756375
1.4688924093420768	0.4653972808530525
1.470799248075907	0.45900412566152754
1.4727060868097372	0.4525701271704615
1.476519764277398	0.4395817565465393
1.4841471192127194	0.4131388000098153
1.4994018290833617	0.35851290837379224
1.529911248824647	0.24333838310295325
1.5319801795129515	0.23528842487906668
1.5340491102012561	0.2272123875788229
1.5381869715778655	0.21098524800646612
1.5464626943310842	0.178253039294763
1.5630141398375215	0.11185718709733722
1.596117030850396	-0.02319883467736117
1.5981859615387006	-0.0316818542088092
1.6002548922270052	-0.04016487038164085
1.6043927536036147	-0.05712759701143322
1.6126684763568333	-0.09101678708407446
1.6292199218632706	-0.15846645974386386
1.662322812876145	-0.29059950667204437
1.6642533005074198	-0.29813908747832707
1.6661837881386945	-0.3056563073714643
1.6700447634012443	-0.32062116949316183
1.677766713926344	-0.350255252899704
1.6932106149765427	-0.40820437773414575
1.7240984170769407	-0.5177737136977656
1.7260289047082156	-0.5243016579941612
1.7279593923394905	-0.5307886924555568
1.7318203676020403	-0.5436379437530247
1.7395423181271397	-0.5688227847886839
1.7549862191773387	-0.6170261991619572
1.7569167068086136	-0.6228391368115886
1.7588471944398885	-0.6286032994672217
1.7627081697024383	-0.6399834885585087
1.7704301202275377	-0.6621389068911635
1.7858740212777366	-0.703934641672239
1.7879666008634858	-0.7093310726133726
1.790059180449235	-0.7146623054518333
1.7942443396207335	-0.7251272778671506
1.8026146579637303	-0.7452543650948464
1.8047072375494795	-0.7501162766048011
1.8067998171352286	-0.7549093829523272
1.8109849763067272	-0.7642875183609092
1.819355294649724	-0.7822002749579865
1.8214478742354732	-0.7865004874757111
1.8235404538212223	-0.7907287708872994
1.8277256129927208	-0.7989681362431112
1.8360959313357177	-0.8145686059301406
1.8381885109214668	-0.818283875633588
1.840281090507216	-0.821924594978606
1.8444662496787145	-0.8289812248347929
1.8528365680217114	-0.8421876020160111
1.8549291476074605	-0.8452987650430415
1.8570217271932097	-0.8483332751667336
1.8612068863647082	-0.8541714422637783
1.8632994659504574	-0.8569746728427944
1.8653920455362067	-0.8597003977671525
1.869577204707705	-0.8649185698899575
1.8716697842934542	-0.8674106577071458
1.8737623638792034	-0.8698245211371425
1.877947523050702	-0.874416948785232
1.8863178413936987	-0.8826566987118388
1.888410420979448	-0.8845190238982559
1.890503000565197	-0.8863020928890539
1.8946881597366956	-0.8896301078083941
1.8967807393224447	-0.8911748977983878
1.898873318908194	-0.892640119723345
1.9030584780796924	-0.8953316412897909
1.9051510576654416	-0.8965578532115803
1.9072436372511907	-0.8977043216291507
1.9093362168369399	-0.8987710240059837
1.911428796422689	-0.8997579463318283
1.9135213760084382	-0.9006650831195456
1.9156139555941873	-0.9014924374010236
1.9177065351799367	-0.9022400207221701
1.9197991147656859	-0.9029078531369675
1.9218534296315735	-0.9034859244359148
1.9239077444974608	-0.9039871972729105
1.9259620593633482	-0.9044117145087496
1.9280163742292356	-0.9047595268765211
1.930070689095123	-0.9050306929720052
1.9321250039610105	-0.9052252792432502
1.934179318826898	-0.9053433599793266
1.9362336336927854	-0.9053850172982555
1.9382879485586728	-0.9053503411341186
1.9403422634245604	-0.9052394292233508
1.942396578290448	-0.9050523870902132
1.9444508931563353	-0.9047893280314494
1.9465052080222227	-0.9044503731001305
1.9485595228881103	-0.9040356510886897
1.9506138377539979	-0.903545298511145
1.9526681526198852	-0.9029794595845124
1.9547224674857726	-0.9023382862094207
1.9567767823516602	-0.901621937949917
1.9588310972175478	-0.9008305820124736
1.9608854120834351	-0.8999643932241965
1.9629397269493225	-0.8990235540102438
1.96499404181521	-0.8980082543704426
1.969102671546985	-0.8957550715401442
1.9711569864128724	-0.8945176060011963
1.97321130127876	-0.8932065152872326
1.977319931010535	-0.8903643757319186
1.9793742458764223	-0.8888338041053194
1.9814285607423099	-0.8872305616747398
1.9855371904740848	-0.8838070996611883
1.9875915053399722	-0.8819874159208843
1.9896458202058596	-0.8800961329973773
1.9937544499376345	-0.8760999207171775
2.001971709401184	-0.8672613675488399
2.0040260242670715	-0.8648772967979366
2.006080339132959	-0.8624241134016781
2.010188968864734	-0.857311784722476
2.018406228328284	-0.846273294368684
2.0204605431941713	-0.8433462883538714
2.0225148580600587	-0.8403530979843086
2.026623487791834	-0.8341697548875406
2.0348407472553838	-0.8210267167858836
2.0512752661824836	-0.7917325228641611
2.053191137991341	-0.7880646959540962
2.055107009800199	-0.784345444270018
2.058938753417914	-0.7767542733910255
2.066602240653345	-0.7609727490396505
2.081929215124206	-0.727108357069679
2.112583164065929	-0.6509895578990272
2.114499035874787	-0.6458947850133142
2.1164149076836445	-0.6407633415305061
2.1202466513013603	-0.6303925158128705
2.127910138536791	-0.6092337795155655
2.143237113007652	-0.5653675765034749
2.1738910619493748	-0.4724288004876566
2.175969025712707	-0.4659213302714682
2.178046989476039	-0.4593916475707267
2.182202917002703	-0.4462686289038339
2.190514772056031	-0.41978895554433926
2.207138482162687	-0.36606397389562684
2.2403859023759995	-0.2569132853784712
2.2424638661393317	-0.25007004076554445
2.244541829902664	-0.24322884922210097
2.2486977574293276	-0.2295556527125465
2.2570096124826557	-0.20226713610179614
2.273633322589312	-0.14808950684171696
2.306880742802624	-0.042650037937853436
2.3088202635089266	-0.03666633100469435
2.3107597842152288	-0.030704690876293128
2.314638825627833	-0.018849836971075673
2.322396908453042	0.004570736408150755
2.3379130741034597	0.050134338462978045
2.339852594809762	0.05569970768039628
2.341792115516064	0.06123444479514911
2.3456711569286686	0.07220999279180623
2.3534292397538774	0.09377137100063887
2.368945405404295	0.13522622575898563
2.3708849261105973	0.14024250324152526
2.3728244468168995	0.14522045630686753
2.376703488229504	0.1550596032924509
2.384461571054713	0.17425859503813268
2.3999777367051305	0.21064488447479124
2.4019172574114327	0.214996674869882
2.403856778117735	0.21930350255617992
2.4077358195303393	0.22778076967394129
2.415493902355548	0.24417951856349862
2.4310100680059663	0.27467613116472456
2.4331116806667428	0.2785638446324866
2.4352132933275197	0.2823923609826006
2.4394165186490726	0.2898703050855716
2.4478229692921785	0.3040997649841505
2.449924581952955	0.3075037775106607
2.4520261946137314	0.3108457883844552
2.4562294199352848	0.31734254350895613
2.464635870578391	0.32957857762530457
2.4667374832391675	0.33247811516106246
2.468839095899944	0.33531332452901974
2.4730423212214974	0.3407897407674464
2.4814487718646037	0.3509598714210883
2.48355038452538	0.35333803799021046
2.4856519971861566	0.3556500426289473
2.48985522250771	0.3600747980887772
2.4982616731508163	0.36812236059717524
2.5003632858115927	0.3699662435251706
2.502464898472369	0.37174263461998786
2.5066681237939226	0.37509242771184054
2.508769736454699	0.3766655929286323
2.510871349115476	0.3781707927697662
2.515074574437029	0.38097691103182885
2.5171761870978053	0.3822776569022038
2.519277799758582	0.38351009230647354
2.5213794124193587	0.38467415108780334
2.523481025080135	0.3857697751431115
2.5255826377409116	0.3867969144251885
2.5276842504016885	0.3877555269438856
2.5318874757232415	0.3894670440166057
2.533989088384018	0.3902199048735364
2.5360907010447944	0.39090415156886016
2.5381923137055713	0.39151978238350427
2.5402939263663478	0.39206680364333313
2.5423955390271242	0.3925452297139198
2.544497151687901	0.3929550829943958
2.5465987643486776	0.3932963939103892
2.548700377009454	0.3935692009060508
2.5508019896702305	0.3937735504351661
2.552903602331007	0.3939094969513546
2.555005214991784	0.3939771028973621
2.5571068276525604	0.3939764386934441
2.559208440313337	0.3939075827248409
2.5613100529741137	0.39377062132834717
2.56341166563489	0.39356564877798367
2.5655132782956667	0.3932927672697595
2.5675766262365816	0.3929588950744295
2.5696399741774965	0.39255978198912767
2.5717033221184114	0.3920955469219313
2.573766670059326	0.39156631607722026
2.5758300180002403	0.3909722229377359
2.577893365941155	0.39031340824584215
2.57995671388207	0.3895900199839928
2.582020061822985	0.3888022133544085
2.5840834097639	0.3879501507579656
2.5861467577048147	0.3870340017722983
2.5902734535866445	0.38501015869074484
2.5923368015275594	0.38390283942588044
2.5944001494684743	0.3827321833845812
2.5985268453503036	0.3802016884241961
2.600590193291218	0.37884228077608084
2.602653541232133	0.3774203988380591
2.606780237113963	0.3743901512262164
2.6088435850548777	0.37278227237688333
2.6109069329957926	0.37111289282516263
2.6150336288776224	0.3675906805245259
2.6170969768185373	0.3657383891703863
2.619160324759452	0.3638256798360121
2.6232870206412815	0.35982016381509474
2.6315404124049406	0.35109720892003726
2.6336037603458555	0.3487699931912831
2.6356671082867704	0.3463848435192326
2.6397938041686	0.3414421072534367
2.6480471959322593	0.3308767941622567
2.650110543873174	0.32809596901734756
2.6521738918140887	0.32526010223665974
2.6563005876959185	0.31942480641454435
2.664553979459578	0.30711123691206316
2.666617327400493	0.30390130727208525
2.668680675341408	0.30063961428592645
2.672807371223237	0.29396268670925846
2.6810607629868963	0.28000721442509685
2.697567546514215	0.24979470486498834
2.6994924513981005	0.24608050163396095
2.7014173562819854	0.2423278430685433
2.7052671660497554	0.23470884621176447
2.7129667855852952	0.2190281343749402
2.728366024656376	0.1859946790698101
2.7591645027985363	0.114071931319904
2.820761459082857	-0.04600220085811055
2.822848455921217	-0.05164960806395758
2.824935452759576	-0.05730439641102471
2.829109446436295	-0.06863330750886998
2.8374574337897323	-0.09134878353846461
2.8541534084966074	-0.13685279072967232
2.887545357910357	-0.22689790009757357
2.8896323547487164	-0.23243394184478797
2.891719351587076	-0.23795507702639412
2.8958933452637945	-0.248949924840932
2.9042413326172323	-0.27073113395022225
2.920937307324107	-0.3133112974639071
2.954329256737857	-0.3933954164432137
2.956277810519187	-0.39781918821216294
2.958226364300516	-0.4022123825204791
2.9621234718631753	-0.41090518151416744
2.969917686988494	-0.4279036118598779
2.9855061172391304	-0.46025232388683285
2.98745467102046	-0.46413301014594277
2.9894032248017894	-0.46797610668295303
2.9933003323644485	-0.4755479114282039
3.001094547489767	-0.49022286371687074
3.0166829777404036	-0.5176128673811091
3.0186315315217334	-0.5208457725856712
3.0205800853030627	-0.5240351054982596
3.0244771928657217	-0.5302817148298362
3.0322714079910402	-0.5422375932236193
3.0342199617723695	-0.5451127736008606
3.0361685155536993	-0.5479418255398755
3.0400656231163588	-0.5534603575958745
3.047859838241677	-0.5639311057985643
3.0498083920230066	-0.5664291960326534
3.0517569458043363	-0.5688789142398961
3.0556540533669954	-0.5736322087749102
3.063448268492314	-0.5825473387883495
3.0653968222736436	-0.5846515256517306
3.067345376054973	-0.5867054238226892
3.071242483617632	-0.5906614955636044
3.0790366987429505	-0.5979610302990196
3.0809469878044187	-0.5996243512282974
3.0828572768658864	-0.6012378263303557
3.086677854988822	-0.6043145922005879
3.0885881440502896	-0.6057775722062567
3.0904984331117573	-0.607190084889564
3.094319011234693	-0.6098631428011132
3.0962293002961614	-0.6111234180914809
3.098139589357629	-0.6123326862096922
3.1019601674805646	-0.61459771767554
3.1038704565420323	-0.6156532523250612
3.1057807456035	-0.616657322428176
3.109601323726436	-0.6185106687180977
3.111511612787904	-0.619359757798222
3.113421901849372	-0.6201570081365556
3.1153321909108396	-0.6209023392512028
3.1172424799723073	-0.6215956759032711
3.119152769033775	-0.6222369481041048
3.1210630580952428	-0.6228260911220083
3.1229733471567105	-0.6233630454884723
3.1248836362181787	-0.6238477570038841
3.126793925279647	-0.6242801767427376
3.1287042143411146	-0.6246602610583395
3.1306145034025823	-0.6249879715869978
3.13252479246405	-0.6252632752517143
3.1344350815255178	-0.625486144265358
3.1363453705869855	-0.6256565561333413
3.138255659648453	-0.6257744936557753
3.1401659487099214	-0.6258399449291304
3.1420762377713896	-0.6258529033473715
3.1439865268328573	-0.6258133676026024
3.145896815894325	-0.6257213416851835
3.1478071049557927	-0.6255768348833509
3.1497173940172605	-0.6253798617823261
3.151627683078728	-0.6251304422629128
3.153537972140196	-0.6248286014995836
3.155448261201664	-0.624474369958065
3.1573585502631323	-0.6240677833924069
3.1592688393246	-0.6236088828415477
3.1611791283860677	-0.6230977146253703
3.1630894174475355	-0.622534330340247
3.164999706509003	-0.6219187868540883
3.166909995570471	-0.6212511463008691
3.170730573693407	-0.6197598488231629
3.172640862754875	-0.6189363424407001
3.1745511518163427	-0.6180610400607554
3.178371729939278	-0.6161554059896608
3.180282019000746	-0.6151252666868052
3.1821923080622136	-0.6140437161445675
3.1860128861851496	-0.6117268233229914
3.1879231752466177	-0.6104917149823939
3.1898334643080855	-0.6092056632574091
3.193654042431021	-0.6064812542554963
3.2012951986768923	-0.6004271731686003
3.2033675796928343	-0.5986470982310866
3.2054399607087767	-0.5968084758085654
3.2095847227406606	-0.5929564698296654
3.2178742468044295	-0.5845599702296127
3.219946627820372	-0.5823180232890288
3.222019008836314	-0.5800194706736694
3.2261637708681983	-0.5752536488213795
3.234453294931967	-0.5650552160959934
3.2365256759479095	-0.5623684537022411
3.2385980569638515	-0.5596274593878416
3.242742818995736	-0.5539840865153872
3.2510323430595047	-0.5420613433546762
3.267611391187042	-0.5157534613818123
3.269683772202984	-0.5122416792865309
3.2717561532189263	-0.508681636855487
3.2759009152508103	-0.5014184747792247
3.284190439314579	-0.4863320881351572
3.3007694874421167	-0.4540216973512435
3.3339275836971916	-0.3817416114306681
3.3358615216561036	-0.3772456708107181
3.337795459615016	-0.37272175667679014
3.341663335532841	-0.3635919002754102
3.3493990873684907	-0.3450174854575705
3.36487059103979	-0.3067194583564243
3.395813598382388	-0.22643662176741716
3.4576996130675846	-0.05879643524341011
3.4597956429809713	-0.05311534958254513
3.4618916728943576	-0.047441525482126275
3.466083732721131	-0.03611850498591203
3.474467852374678	-0.013590837534391487
3.491236091681772	0.03083290158927718
3.5247725702959603	0.11590886500356609
3.526868600209347	0.12101093975861944
3.5289646301227338	0.12608371253906886
3.5331566899495073	0.1361387518061228
3.5415408096030543	0.15586878577469304
3.558309048910148	0.19366747222419567
3.5604050788235346	0.19822453573672355
3.562501108736921	0.20274230873307916
3.5666931685636944	0.21165762447903042
3.5750772882172415	0.22899107311133865
3.5918455275243355	0.2615430641346262
3.5939032927178607	0.2653331245513494
3.5959610579113854	0.2690767578210441
3.6000765882984354	0.2764228072222643
3.608307649072535	0.29053677338735884
3.6103654142660604	0.29394211797785674
3.612423179459585	0.29729729836673446
3.616538709846635	0.3038553989526003
3.6247697706207354	0.316350496008036
3.62682753581426	0.31934242597910867
3.6288853010077853	0.3222808019022348
3.6330008313948357	0.3279953054122007
3.6412318921689355	0.33876454734111044
3.6432896573624607	0.3413172326906096
3.6453474225559854	0.3438133469258541
3.6494629529430354	0.3486344692947136
3.657694013717135	0.35758289147471284
3.6597517789106604	0.359673566710739
3.661809544104185	0.3617050495553521
3.665925074491235	0.36558924945220334
3.6679828396847602	0.3674413885844531
3.670040604878285	0.36923317955622603
3.674156135265335	0.3726346340481965
3.67621390045886	0.3742437728169574
3.678271665652385	0.3757915139875327
3.6823871960394348	0.37870182835487814
3.68444496123296	0.3800639310112601
3.6865027264264847	0.3813636950479759
3.6906182568135346	0.38377534183036494
3.69267602200706	0.38488680919531737
3.6947337872005845	0.38593510723248164
3.6967915523941093	0.38692004570544797
3.6988493175876345	0.3878414414047273
3.7009070827811597	0.3886991181717547
3.7029648479746844	0.38949290692212946
3.705022613168209	0.39022264566808734
3.7070803783617343	0.3908881795402027
3.7091381435552595	0.39148936080831387
3.7111959087487842	0.39202604890167647
3.713253673942309	0.39249811042833904
3.715311439135834	0.39290541919373617
3.7173692043293594	0.3932478562184986
3.7194269695228845	0.39352530975548344
3.7214847347164097	0.393737675306011
3.7235424999099345	0.3938848556353199
3.7254618220464293	0.3939633001269017
3.7273811441829245	0.3939848898493445
3.72930046631942	0.3939495630551474
3.731219788455915	0.39385726353406386
3.7331391105924103	0.3937079406213011
3.7350584327289056	0.39350154920519753
3.736977754865401	0.3932380497343655
3.738897077001896	0.3929174082243164
3.7408163991383914	0.39253959626355195
3.7427357212748866	0.3921045910191274
3.744655043411382	0.3916123752416856
3.7465743655478767	0.3910629372699621
3.7484936876843715	0.390456271034759
3.750413009820867	0.38979237606238565
3.7542516540938573	0.3882929260058484
3.7561709762303526	0.3874573979753869
3.758090298366848	0.3865646953183227
3.7619289426398383	0.38460788187687134
3.7638482647763336	0.3835438429809156
3.765767586912829	0.3824227732341163
3.769606231185819	0.3800097466005821
3.7715255533223138	0.37871790641934916
3.773444875458809	0.37736926879290444
3.7772835197317995	0.37450189614790674
3.7849608082777806	0.3680891385398537
3.786880130414276	0.36634525685427205
3.788799452550771	0.3645453126006203
3.7926380968237616	0.36077770946136367
3.8003153853697422	0.35257526569673103
3.802234707506237	0.35038646561493947
3.8041540296427323	0.3481426925287096
3.807992673915723	0.34349087639432035
3.815669962461704	0.33353501217153947
3.817589284598199	0.3309112375918457
3.8195086067346944	0.3282339290816818
3.823347251007685	0.322719532074328
3.8310245395536655	0.31105766840859883
3.846379116645627	0.285254480156112
3.8484605307365967	0.28150772853195116
3.850541944827566	0.27770262839790594
3.854704773009505	0.2699188573878769
3.8630304293733833	0.2536677405882594
3.87968174210114	0.21852253639159736
3.8817631561921093	0.2138900410033437
3.8838445702830793	0.20920587495056064
3.8880073984650183	0.19968442716292745
3.8963330548288964	0.1800426880889076
3.9129843675566525	0.13847782684465793
3.915065781647622	0.13307868880764956
3.9171471957385915	0.12763615679702456
3.9213100239205305	0.11662317842577419
3.9296356802844086	0.09410173261434568
3.9462869930121647	0.04721049492096929
3.9795896184676773	-0.052833680026217134
3.981532589501617	-0.05888480077855224
3.983475560535557	-0.0649559782111715
3.987361502603436	-0.07715621255606425
3.9951333867391954	-0.10177203449536143
4.010677155010713	-0.15173395989828897
4.041764691553749	-0.25350551151481027
4.043707662587689	-0.2599048525863725
4.045650633621628	-0.26630503599464445
4.049536575689508	-0.27910544668467996
4.057308459825267	-0.3046890333862014
4.072852228096785	-0.3556477232919988
4.103939764639821	-0.45561556848353596
4.105844470953899	-0.4616130713334544
4.107749177267976	-0.46759232476955914
4.111558589896132	-0.4794937892210088
4.1191774151524445	-0.5030525614491581
4.134415065665069	-0.5490668095687548
4.136319771979147	-0.5547042485757976
4.138224478293225	-0.5603144345841682
4.142033890921381	-0.5714508587454783
4.149652716177693	-0.5933727126652912
4.164890366690317	-0.6356927406222139
4.166795073004395	-0.6408296576143113
4.168699779318473	-0.6459308351031513
4.172509191946629	-0.6560239403843624
4.180128017202941	-0.6757590971680345
4.195365667715565	-0.7133153319311819
4.197270374029643	-0.7178210874749815
4.199175080343721	-0.7222833378102902
4.202984492971877	-0.7310754983332154
4.2106033182281895	-0.7481178911829649
4.225840968740814	-0.7799375980282298
4.227907767009366	-0.7840119174917604
4.229974565277918	-0.7880268989196803
4.234108161815023	-0.7958768406714258
4.242375354889233	-0.8108429246240181
4.2444421531577845	-0.8144287841082647
4.246508951426337	-0.8179514482276461
4.250642547963443	-0.8248053789849442
4.258909741037652	-0.8377353288359092
4.2609765393062045	-0.8408032599795139
4.263043337574756	-0.8438045406945553
4.267176934111861	-0.8496055483878799
4.27544412718607	-0.8603905113865644
4.277510925454623	-0.8629143551423973
4.2795777237231745	-0.8653685212076503
4.283711320260279	-0.8700664386865793
4.291978513334489	-0.8786113429088033
4.294045311603041	-0.8805684439677617
4.2961121098715935	-0.8824532905608116
4.300245706408699	-0.8860050701003285
4.302312504677252	-0.8876714464197752
4.3043793029458035	-0.8892644550869696
4.308512899482908	-0.892229338321495
4.310579697751461	-0.8936007161421775
4.312646496020013	-0.8948977328787051
4.314713294288564	-0.8961201591194066
4.316780092557117	-0.8972677730897327
4.31884689082567	-0.898340360680156
4.320913689094222	-0.8993377154732536
4.3229804873627735	-0.9002596387699947
4.325047285631326	-0.9011059396151919
4.327114083899879	-0.901876434822154
4.329180882168431	-0.9025709489965087
4.331247680436983	-0.903189314559202
4.333314478705535	-0.90373137176868
4.335381276974088	-0.904196968742232
4.337448075242641	-0.9045859614765103
4.3395148735111935	-0.9048982138672087
4.341581671779745	-0.905133597727915
4.343648470048297	-0.9052919928081193
4.34571526831685	-0.9053732868103789
4.347782066585403	-0.905377375406652
4.349848864853955	-0.9053041622537696
4.351915663122508	-0.9051535590080806
4.35398246139106	-0.9049254853392323
4.356049259659612	-0.9046198689431137
4.358116057928164	-0.9042366455539335
4.360044413139687	-0.9038090590142464
4.36197276835121	-0.9033138258233294
4.363901123562732	-0.9027509127633804
4.365829478774255	-0.9021202927373903
4.367757833985777	-0.9014219447747562
4.369686189197299	-0.9006558540363381
4.373542899620345	-0.8989204155592398
4.375471254831868	-0.8979510688371191
4.3773996100433905	-0.8969139813784603
4.381256320466435	-0.8946366538977097
4.383184675677958	-0.8933964640743878
4.38511303088948	-0.8920886339136371
4.3889697413125255	-0.8892702206409246
4.390898096524048	-0.8877597369350327
4.392826451735571	-0.8861818117008505
4.396683162158616	-0.8828239030732923
4.398611517370139	-0.8810440682452941
4.4005398725816605	-0.8791970890121917
4.404396583004706	-0.875302061924458
4.406324938216229	-0.8732542116734288
4.408253293427752	-0.8711396122123674
4.412110003850796	-0.866710628079467
4.419823424696887	-0.8570570969522393
4.421751779908409	-0.8544787881847626
4.423680135119932	-0.8518348131148488
4.427536845542977	-0.8463505205279496
4.435250266389067	-0.8346014970834026
4.43717862160059	-0.8315027470952118
4.439106976812113	-0.8283397994531742
4.442963687235157	-0.8218221585979597
4.450677108081248	-0.8080261558709982
4.4526054632927705	-0.8044200443530966
4.454533818504293	-0.8007515824182614
4.458390528927338	-0.7932286413653735
4.466103949773428	-0.7774462497997108
4.481530791465609	-0.7430006536503273
4.483621238631606	-0.738044221644312
4.485711685797603	-0.7330201802513923
4.489892580129597	-0.7227710443888291
4.498254368793584	-0.7014813963620088
4.51497794612156	-0.6558453134493266
4.54842510077751	-0.553307979158672
4.550515547943506	-0.546442050844749
4.552605995109504	-0.5395260623432854
4.556786889441497	-0.5255465178296747
4.565148678105485	-0.497015758007909
4.58187225543346	-0.43782078032644933
4.615319410089411	-0.3121876356691352
4.6172714141983775	-0.30460671733395583
4.619223418307345	-0.2970023876461707
4.623127426525279	-0.2817260796847256
4.630935442961148	-0.250921097724183
4.646551475832885	-0.1884492844018812
4.677783541576359	-0.0612626862376352
4.7402476730633065	0.19223845102241455
4.742161412452412	0.19980474847607427
4.744075151841518	0.20735171055314344
4.747902630619728	0.2223850975201161
4.755557588176149	0.2521920946649373
4.770867503288993	0.31062745016614046
4.801487333514679	0.42169588630107796
4.803401072903784	0.4283390619979702
4.80531481229289	0.4349436819538762
4.8091422910711	0.44803503213654466
4.8167972486275215	0.47373080224804254
4.832107163740364	0.5230545773305948
4.86272699396605	0.6125215381479624
4.86480282530963	0.6181067491201848
4.86687865665321	0.6236277956666106
4.871030319340369	0.634475219119082
4.879333644714688	0.6553765230233346
4.881409476058268	0.6604335090975191
4.883485307401847	0.6654221515734502
4.887636970089007	0.6751924458531912
4.895940295463326	0.6938917475568408
4.8980161268069065	0.6983886123962053
4.900091958150486	0.7028133988121533
4.904243620837645	0.7114450066874258
4.912546946211964	0.7278246720321615
4.914622777555543	0.7317331677144294
4.916698608899123	0.7355663206781626
4.920850271586282	0.7430051111304081
4.929153596960601	0.7569626555950093
4.9312294283041815	0.760258381230966
4.933305259647761	0.7634759934353113
4.9374569223349205	0.7696756431565774
4.9395327536785	0.7726570836617941
4.941608585022079	0.7755592167792202
4.945760247709239	0.7811244563560029
4.947836079052818	0.7837870310767994
4.949911910396398	0.7863692349930703
4.954063573083557	0.7912915578160739
4.962366898457876	0.8001615220288906
4.964442729801457	0.8021747311140484
4.966518561145036	0.8041058416852231
4.970670223832196	0.8077210636016923
4.972746055175775	0.8094048443780762
4.974821886519354	0.8110058655419251
4.978973549206514	0.8139590619096961
4.981049380550093	0.815310975009276
4.9831252118936735	0.8165796043197071
4.985201043237253	0.8177648403162052
4.987276874580832	0.8188665821106313
4.9893527059244125	0.8198847374643494
4.991428537267992	0.8208192228001663
4.993504368611571	0.8216699632133723
4.9955801999551515	0.8224368924818568
4.997517588241701	0.8230770090587647
4.999454976528251	0.8236440307812618
5.0013923648148015	0.8241379243223078
5.003329753101351	0.8245586629659412
5.0052671413879	0.8249062266113056
5.007204529674451	0.8251806017760724
5.009141917961001	0.8253817815992422
5.0110793062475505	0.825509765843351
5.0130166945341	0.8255645608960575
5.01495408282065	0.8255461797711281
5.016891471107201	0.8254546421088074
5.01882885939375	0.8252899741755768
5.0207662476803	0.8250522088633091
5.022703635966851	0.8247413856878112
5.0246410242534	0.8243575507867511
5.02657841253995	0.8239007569169852
5.028515800826501	0.8233710634512623
5.03045318911305	0.8227685363743328
5.0323905773996005	0.8220932482784358
5.034327965686151	0.8213452783581825
5.0362653539727	0.8205247124048352
5.038202742259251	0.8196316427999643
5.04207751883235	0.8176283950712548
5.0440149071189	0.8165184345966094
5.04595229540545	0.8153364057519097
5.04982707197855	0.8127566503593626
5.051764460265099	0.8113591938533418
5.05370184855165	0.8098902090391632
5.057576625124749	0.806738266216863
5.059514013411299	0.8050556302951087
5.061451401697849	0.8033021102113606
5.065326178270949	0.7995831328098266
5.067263566557498	0.797618049197901
5.069200954844049	0.7955828288043608
5.073075731417148	0.7913027954905293
5.075013119703698	0.7890584073941636
5.076950507990248	0.7867447321279577
5.080825284563348	0.7819104393631573
5.088574837709547	0.7714208714216092
5.090512225996097	0.7686289280967904
5.092449614282647	0.7657696987531932
5.096324390855747	0.7598505002839144
5.1040739440019465	0.7472173135513585
5.119573050294346	0.7188421864074234
5.1216725305353705	0.714687004912061
5.1237720107763955	0.7104589132361272
5.127970971258444	0.7017859079725459
5.13636889222254	0.6835864040535147
5.153164734150735	0.6438901435393316
5.155264214391759	0.63862969595712
5.157363694632783	0.6333048476561084
5.161562655114832	0.6224643297550361
5.169960576078929	0.6000370574294819
5.186756418007123	0.552339521426252
5.188855898248147	0.5461236254487745
5.190955378489171	0.5398536155830211
5.19515433897122	0.5271540434630808
5.203552259935317	0.5011365353587638
5.220348101863511	0.4467914366700637
5.253939785719899	0.3302350335276548
5.256001001241062	0.322796986558197
5.258062216762224	0.31533062795006384
5.262184647804549	0.3003161652438832
5.270429509889199	0.269982743618396
5.286919234058499	0.20827997473943802
5.319898682397099	0.0822149454977752
5.321959897918262	0.07427759779107079
5.324021113439424	0.06633846890882089
5.328143544481749	0.05045826192148101
5.3363884065664	0.018713817034001767
5.3528781307357	-0.04452121699739231
5.3858575790743	-0.16846571157967793
5.387780351538433	-0.17553333805886823
5.3897031240025655	-0.1825792293932984
5.393548668930832	-0.19660317346567596
5.401239758787362	-0.22436138760138258
5.416621938500423	-0.2785744091021507
5.4185447109645555	-0.2852164192166144
5.420467483428689	-0.2918264206769296
5.424313028356954	-0.30494791830643353
5.432004118213485	-0.33077970137824325
5.447386297926547	-0.38066350357514567
5.4493090703906795	-0.38672062137088736
5.4512318428548125	-0.3927361779075498
5.455077387783078	-0.40464033920503284
5.462768477639609	-0.4279251910710663
5.478150657352671	-0.47227902394164817
5.4800734298168035	-0.4776051963502145
5.4819962022809365	-0.48288119759449044
5.485841747209202	-0.4932806826628975
5.493532837065733	-0.5134558112770442
5.508915016778795	-0.5512044816031831
5.510999881197402	-0.5560441171946942
5.513084745616009	-0.5608159451937369
5.517254474453224	-0.5701540239191938
5.525593932127652	-0.5879931967288515
5.527678796546259	-0.5922756464738789
5.529763660964866	-0.5964861697783163
5.53393338980208	-0.604689519400707
5.542272847476508	-0.6202124371588111
5.544357711895115	-0.6239064291248145
5.546442576313723	-0.6275248605066239
5.550612305150937	-0.6345333739479068
5.558951762825364	-0.6476257819642541
5.561036627243971	-0.6507040121635512
5.563121491662578	-0.6537035575129209
5.567291220499793	-0.6594651877659381
5.575630678174221	-0.6700292348823246
5.577715542592828	-0.6724685567308739
5.579800407011435	-0.6748266010763218
5.5839701358486495	-0.6792977228483355
5.586055000267256	-0.6814102546659334
5.588139864685864	-0.6834404178225749
5.592309593523078	-0.6872526425952422
5.594394457941685	-0.6890342283157435
5.596479322360292	-0.6907324936369437
5.6006490511975064	-0.6938782081359083
5.602733915616113	-0.6953252519747433
5.604818780034721	-0.6966881647816537
5.608988508871935	-0.6991608844887323
5.611073373290542	-0.7002703573302596
5.613158237709149	-0.7012950310602648
5.6152431021277565	-0.7022347610794076
5.617327966546363	-0.70308941179093
5.61941283096497	-0.7038588566161796
5.621497695383578	-0.7045429780091641
5.623582559802185	-0.7051416674701522
5.625667424220792	-0.7056548255583209
5.627752288639399	-0.7060823619034351
5.629837153058006	-0.7064241952165697
5.6319220174766125	-0.7066802532998685
5.634006881895219	-0.7068504730553377
5.636091746313826	-0.7069348004926762
5.638176610732433	-0.7069331907361367
5.640261475151041	-0.7068456080304255
5.642346339569648	-0.7066720257456294
5.644292760931226	-0.7064323312866592
5.646239182292803	-0.7061176570498389
5.64818560365438	-0.7057280029181545
5.650132025015957	-0.705263375714622
5.6520784463775335	-0.7047237892024555
5.654024867739111	-0.7041092640846042
5.655971289100689	-0.7034198280026374
5.657917710462266	-0.7026555155349943
5.659864131823843	-0.7018163681945876
5.66181055318542	-0.7009024344257676
5.663756974546997	-0.6999137696006436
5.665703395908575	-0.6988504360147636
5.667649817270153	-0.6977125028821551
5.66959623863173	-0.6965000463297235
5.673489081354884	-0.6938519019993087
5.675435502716461	-0.6924164009801504
5.6773819240780385	-0.6909067500431418
5.681274766801193	-0.6876654476209649
5.68322118816277	-0.685934037893041
5.685167609524347	-0.6841289617409796
5.689060452247502	-0.6802983689274731
5.69100687360908	-0.6782731486893403
5.692953294970657	-0.6761748548478571
5.696846137693811	-0.6717597138992417
5.7046318231401205	-0.6620602698692927
5.7065782445016975	-0.6594554641320919
5.708524665863275	-0.6567790949463428
5.71241750858643	-0.6512125483636053
5.720203194032739	-0.6392307673834434
5.722149615394317	-0.6360599523858133
5.724096036755894	-0.6328195093981748
5.727988879479048	-0.6261308311550703
5.735774564925357	-0.6119303073760305
5.737720986286934	-0.6082104247114534
5.739667407648512	-0.6044232637584843
5.743560250371667	-0.5966484019909255
5.751345935817976	-0.5803059315332859
5.766917306710594	-0.5445304318187086
5.768825463352309	-0.5398702514455153
5.770733619994025	-0.535151060699471
5.774549933277456	-0.5255372283376865
5.782182559844318	-0.5056191144789679
5.797447812978042	-0.4631162170095808
5.827978319245491	-0.3682702244509355
5.829886475887207	-0.36194175661784733
5.831794632528922	-0.35556929834956963
5.835610945812354	-0.34269458479063464
5.843243572379215	-0.31644140694817546
5.85850882551294	-0.2620466763814373
5.889039331780388	-0.14676258144550802
5.891109580376578	-0.13867928621552725
5.893179828972768	-0.1305667118366
5.897320326165148	-0.11425701460956017
5.905601320549907	-0.0813226174956506
5.922163309319426	-0.014381635493681377
5.955287286858464	0.12225713121752738
5.957357535454654	0.13085770754570702
5.959427784050844	0.13946017665604957
5.963568281243224	0.1566672862629031
5.971849275627983	0.1910656340913289
5.988411264397502	0.2596025111681664
6.02153524193654	0.3940758796744187
6.0234670474757	0.4017548315470236
6.025398853014861	0.40941134389354905
6.029262464093181	0.4246543236309157
6.036989686249821	0.45484113399274495
6.052444130563101	0.5138682988513725
6.083353019189663	0.6253732548867755
6.085284824728824	0.6320079130681417
6.087216630267983	0.6385995943971072
6.091080241346303	0.6516516758208051
6.0988074635029434	0.6772144778771841
6.114261907816225	0.7260481755650321
6.1161937133553845	0.7319268224705137
6.118125518894545	0.737753566177517
6.1219891299728655	0.7492492655758637
6.129716352129505	0.7715952270041234
6.145170796442786	0.813595195516836
6.147327271169481	0.8191598799904776
6.149483745896177	0.8246501680779712
6.153796695349569	0.8354051158746633
6.162422594256352	0.8559958939800472
6.1645790689830475	0.8609487459756561
6.166735543709743	0.8658225436192989
6.171048493163135	0.8753308113176584
6.179674392069918	0.8933753838841373
6.181830866796614	0.8976810874228285
6.183987341523309	0.9019036411010044
6.188300290976701	0.91009742472363
6.196926189883484	0.9254671023009495
6.19908266461018	0.9290949477462921
6.2012391393368755	0.932636139975759
6.2055520887902675	0.9394569946057909
6.214177987697051	0.9520421388891799
6.216334462423746	0.9549662456279184
6.218490937150442	0.9578008133534458
6.222803886603834	0.9632000769413713
6.224960361330529	0.9657641704720941
6.227116836057226	0.968237520394554
6.231429785510617	0.9729108958284823
6.233586260237312	0.9751103999523969
6.235742734964008	0.9772181177520602
6.2400556844174	0.9811572640134911
6.2422121591440956	0.9829882529776268
6.244368633870792	0.9847265766720895
6.248681583324183	0.9879244627956233
6.250838058050879	0.9893836684142625
6.252994532777574	0.9907494951828226
6.255151007504271	0.9920217907028143
6.257307482230966	0.9932004130107212
6.259463956957662	0.9942852305941104
6.261620431684358	0.9952761224065354
6.263776906411054	0.9961729778812647
6.265933381137749	0.9969756969438249
6.268089855864445	0.9976841900233433
6.2702463305911404	0.9982983780627108
6.272402805317836	0.9988181925275403
6.274559280044532	0.9992435754139432
6.276715754771227	0.9995744792551076
6.278872229497923	0.9998108671266781
6.281028704224619	0.999952712650944
6.283185178951315	0.9999999999998321