theta freq
1.2822827157509358e-7	0.9999999999998153
0.0019271655319089223	0.9999583799221438
0.0038542028355462695	0.9998335343335953
0.005781240139183617	0.9996254739373311
0.007708277442820964	0.9993342165705982
0.00963531474645831	0.9989597872031534
0.011562352050095658	0.9985022179350758
0.013489389353733006	0.9979615479939452
0.015416426657370353	0.9973378237313981
0.0173434639610077	0.9966310986190516
0.019270501264645048	0.9958414332438096
0.021197538568282395	0.9949688953025412
0.023124575871919743	0.9940135595961339
0.02505161317555709	0.9929755080229183
0.026978650479194437	0.9918548295714807
0.030832725086469132	0.9893659833920301
0.03275976239010648	0.9879980290189911
0.034686799693743824	0.9865478744589439
0.03854087430101852	0.9834014690525406
0.04046791160465586	0.9817054879171011
0.04239494890829321	0.979927845992795
0.04624902351556791	0.9761281962603277
0.04817606081920525	0.9741065141400291
0.0501030981228426	0.9720038225779851
0.0539571727301173	0.967556138953179
0.06166532194466669	0.9576970513093463
0.06359235924830403	0.9550327265448746
0.06551939655194139	0.9522890270630254
0.06937347115921608	0.9465644512324527
0.07708162037376547	0.9341736013596617
0.07900865767740281	0.9308812403649301
0.08093569498104017	0.927511574172672
0.08478976958831486	0.920541487620375
0.09249791880286425	0.9056867953762616
0.09442495610650159	0.9017844438256656
0.09635199341013895	0.8978072797686427
0.10020606801741364	0.8896298831768388
0.10791421723196302	0.8723927541683019
0.1233305156610618	0.83447389364935
0.12541964491917348	0.8289905987415791
0.12750877417728518	0.8234267024587376
0.13168703269350854	0.8120593527768553
0.14004354972595529	0.7883825999515516
0.15675658379084878	0.7373968064557217
0.19018265192063574	0.6220824886751258
0.19227178117874744	0.6143351104285336
0.1943609104368591	0.6065287032894123
0.1985391689530825	0.5907419425418483
0.2068956859855292	0.5584949355937495
0.2236087200504227	0.49148994543172686
0.2570347881802097	0.3489656522156708
0.2589854743812916	0.3403557572387988
0.26093616058237346	0.331718336930591
0.26483753298453727	0.31436393580682526
0.2726402777888649	0.2793581216624663
0.28824576739752006	0.20832992990996696
0.3194567466148305	0.06359972086240684
0.3818787050494512	-0.22527370406865546
0.3837911265306714	-0.2339045522368405
0.3857035480118915	-0.2425139610850441
0.3895283909743318	-0.25966560990681303
0.3971780768992124	-0.2936803923348202
0.41247744874897363	-0.3603990897596434
0.4430761924484961	-0.487374028361356
0.4449886139297162	-0.494977217852288
0.4469010354109364	-0.5025374396430827
0.45072587837337674	-0.5175265052442215
0.4583755642982573	-0.546962017979705
0.4736749361480186	-0.6035291178421209
0.504273679847541	-0.7064384718612635
0.5063481932832354	-0.712880956540852
0.50842270671893	-0.7192520240491905
0.512571733590319	-0.7317775021494228
0.520869787333097	-0.755945407063204
0.5229443007687915	-0.7618000801620092
0.5250188142044859	-0.7675787192736048
0.5291678410758749	-0.7789057317001682
0.5374658948186528	-0.8006239849298997
0.5395404082543473	-0.805855623943132
0.5416149216900418	-0.8110071063358464
0.5457639485614307	-0.8210676922573121
0.5540620023042088	-0.8402064453135654
0.5706581097897647	-0.8744580584829875
0.5727326232254593	-0.8783543260158023
0.5748071366611537	-0.8821637713776165
0.5789561635325426	-0.8895208291603798
0.5872542172753207	-0.9031785408925788
0.5893287307110151	-0.9063710979809779
0.5914032441467096	-0.9094743297598854
0.5955522710180987	-0.9154117350895928
0.6038503247608766	-0.9262032414179587
0.6059248381965712	-0.928674061980309
0.6079993516322656	-0.931053627585462
0.6121483785036546	-0.9355382018145888
0.6142228919393491	-0.9376428372674067
0.6162974053750436	-0.9396554714507003
0.6204464322464326	-0.9434040906676332
0.622520945682127	-0.9451397760510138
0.6245954591178215	-0.946782860886739
0.6266699725535161	-0.9483332184186677
0.6287444859892106	-0.9497907311350644
0.6308189994249052	-0.9511552907764581
0.6328935128605996	-0.9524267983425474
0.6370425397319885	-0.9546903075781634
0.6389786101106533	-0.9556188728140684
0.640914680489318	-0.9564661303425519
0.6428507508679827	-0.9572320366242104
0.6447868212466474	-0.9579165551598895
0.6467228916253122	-0.9585196564909373
0.6486589620039769	-0.959041318198843
0.6505950323826415	-0.959481524904231
0.6525311027613062	-0.9598402682652387
0.6544671731399709	-0.9601175469752442
0.6564032435186355	-0.9603133667599867
0.6583393138973003	-0.9604277403740356
0.660275384275965	-0.9604606875966444
0.6622114546546297	-0.9604122352269711
0.6641475250332944	-0.9602824170786721
0.6660835954119592	-0.9600712739738662
0.6680196657906239	-0.9597788537364684
0.6699557361692886	-0.959405211184914
0.6718918065479533	-0.9589504081242328
0.6738278769266179	-0.9584145133375224
0.6757639473052827	-0.9577976025767834
0.6777000176839474	-0.9570997585531364
0.679636088062612	-0.9563210709264238
0.6815721584412767	-0.9554616362941803
0.6835082288199414	-0.9545215581799917
0.6854442991986062	-0.9535009470212392
0.6873803695772709	-0.9523999201562189
0.6893164399559356	-0.9512186018106501
0.6912525103346003	-0.9499571230835719
0.6931885807132651	-0.9486156219326286
0.6951246510919298	-0.9471942431587338
0.6989967918492591	-0.9441124660659067
0.7009328622279238	-0.942452391418712
0.7028689326065884	-0.9407130864571412
0.7067410733639179	-0.9369975073939004
0.7086771437425826	-0.9350216110206315
0.7106132141212473	-0.9329672397500824
0.7144853548785768	-0.9286239015767377
0.7164214252572415	-0.9263353658237765
0.7183574956359062	-0.9239692174287543
0.7222296363932356	-0.9190050176537465
0.7299739179078943	-0.9081559170479356
0.7319099882865591	-0.9052533447277873
0.7338460586652238	-0.9022751989528789
0.7377181994225532	-0.8960933290203086
0.745462480937212	-0.8828356237635049
0.7609510439665297	-0.8528163693677291
0.7630492062996688	-0.8483979022321771
0.7651473686328077	-0.8438969254638028
0.7693436932990858	-0.8346493987135135
0.777736342631642	-0.8151861887436037
0.7945216412967544	-0.7725067764039646
0.7966198036298935	-0.7668309767380499
0.7987179659630325	-0.76108138895859
0.8029142906293105	-0.7493632890643973
0.8113069399618668	-0.7250688623608166
0.8280922386269791	-0.6731925318239727
0.8301904009601182	-0.6664129262402275
0.8322885632932572	-0.6595700696671838
0.8364848879595352	-0.6456974586049918
0.8448775372920915	-0.6172249542440782
0.8616628359572038	-0.5575379373679181
0.8952334332874284	-0.4286002466864969
0.8972933309007058	-0.4203300410905995
0.8993532285139831	-0.41202323490468706
0.9034730237405377	-0.39530307257577396
0.9117126141936469	-0.3614594678178061
0.9281917950998653	-0.29234462265199584
0.961150156912302	-0.1499151254210246
1.0270668805371757	0.13946008496460377
1.0289883350934232	0.1477714960709211
1.0309097896496706	0.15606764112775146
1.0347526987621656	0.17261146437876312
1.0424385169871557	0.20548667688008038
1.0578101534371358	0.27024070430383246
1.088553426337096	0.3946244772766971
1.0904748808933435	0.4021280931024553
1.092396335449591	0.4095963408378918
1.0962392445620859	0.42442442917509904
1.103925062787076	0.45363106764839917
1.119296699237056	0.5101221980668648
1.1500399721370163	0.6144802555510988
1.152123518647738	0.6210988666634493
1.15420706515846	0.6276565800096854
1.1583741581799036	0.6405871009109562
1.166708344222791	0.6656934274345373
1.1833767163085658	0.7127725473302486
1.1854602628192876	0.7183542251470929
1.1875438093300095	0.7238669959417807
1.1917109023514532	0.7346840764998666
1.2000450883943405	0.7554726497385267
1.2167134604801153	0.7935801336688524
1.2187970069908372	0.7980112735421674
1.220880553501559	0.8023674655207126
1.2250476465230027	0.8108537789893182
1.23338183256589	0.8269140007245219
1.235465379076612	0.8307373766399819
1.2375489255873338	0.8344835673555155
1.2417160186087774	0.8417434337269494
1.2500502046516648	0.8553268637465246
1.2521337511623867	0.8585264567030064
1.2542172976731085	0.8616471659653165
1.2583843906945522	0.8676512459896328
1.260467937205274	0.8705342944474848
1.262551483715996	0.873337814622444
1.2667185767374396	0.878705719897344
1.2688021232481614	0.8812698513737571
1.2708856697588833	0.8837539473323592
1.275052762780327	0.8884816201241257
1.2833869488232146	0.8969724837049218
1.2853320522769067	0.8987686979165587
1.2872771557305986	0.9004946377321947
1.291167362637983	0.9037355795909767
1.2931124660916749	0.9052505406894191
1.295057569545367	0.9066951454954777
1.298947776452751	0.9093732761879781
1.3008928799064432	0.9106068133572518
1.3028379833601353	0.9117700167879246
1.3047830868138273	0.9128629083976705
1.3067281902675194	0.9138855166018438
1.3086732937212116	0.9148378763053926
1.3106183971749035	0.9157200288941836
1.3125635006285956	0.9165320222257117
1.3145086040822878	0.9172739106191994
1.3164537075359797	0.9179457548451047
1.3183988109896718	0.9185476221140132
1.320343914443364	0.9190795860649368
1.3222890178970559	0.919541726753006
1.324234121350748	0.9199341306365723
1.3261792248044402	0.9202568905636975
1.328124328258132	0.920510105758067
1.3300694317118242	0.9206938818042896
1.3320145351655164	0.9208083306326201
1.3339596386192083	0.920853570503076
1.3359047420729004	0.9208297259889823
1.3378498455265926	0.9207369279599096
1.3397949489802845	0.9205753135640425
1.3417400524339766	0.9203450262099553
1.3436851558876688	0.9200462155478095
1.3456302593413607	0.919679037449969
1.3475753627950526	0.9192436539910411
1.3495204662487448	0.9187402334273378
1.351465569702437	0.918168950175767
1.3534106731561288	0.9175299847921504
1.355355776609821	0.9168235239489768
1.3573008800635131	0.9160497604125784
1.3611910869708972	0.9143011266538443
1.3631361904245893	0.9133266722201855
1.3650812938782813	0.9122857466211001
1.3689715007856655	0.9100053793665095
1.3709166042393575	0.9087664012672022
1.3728617076930496	0.9074618790608874
1.3767519146004337	0.9046571941302185
1.3786970180541256	0.903157541866167
1.3806421215078177	0.9015933663574257
1.3845323284152018	0.8982725299497545
1.386477431868894	0.8965164254826898
1.388422535322586	0.8946969105721496
1.3923127422299701	0.8908688243470297
1.3942578456836623	0.8888608544357245
1.3962029491373542	0.8867906768208507
1.4000931560447385	0.8824649618978956
1.4078735698595066	0.8730812406446321
1.409780408593337	0.8706344055091938
1.4116872473271673	0.8681303421718584
1.415500924794828	0.8629518808787956
1.4231282797301492	0.8519233346900945
1.4250351184639793	0.8490283549375801
1.4269419571978097	0.8460789688944074
1.4307556346654704	0.8400184761319159
1.4383829896007918	0.8272613436316429
1.4402898283346222	0.8239418174190053
1.4421966670684525	0.8205709954416489
1.446010344536113	0.8136771008352178
1.4536376994714342	0.799291995891534
1.4688924093420768	0.7682293599559186
1.470799248075907	0.7641403263063529
1.4727060868097372	0.7600070016804636
1.476519764277398	0.7516093607480714
1.4841471192127194	0.7343034716293749
1.4994018290833617	0.6977588738293289
1.529911248824647	0.6178549545211889
1.5319801795129515	0.6121485943651173
1.5340491102012561	0.606409566535666
1.5381869715778655	0.5948363501011665
1.5464626943310842	0.5713293075677782
1.5630141398375215	0.5230348994192417
1.596117030850396	0.42264445784564103
1.662322812876145	0.21735745339534182
1.6642533005074198	0.21146718995649577
1.6661837881386945	0.20558947749762704
1.6700447634012443	0.1938740009163056
1.677766713926344	0.17061879240784958
1.6932106149765427	0.12493707341801646
1.7240984170769407	0.037859573808235236
1.7260289047082156	0.032643875182481796
1.7279593923394905	0.027457842393323995
1.7318203676020403	0.017176706460970415
1.7395423181271397	-0.003008527323832222
1.7549862191773387	-0.041767485681101335
1.7569167068086136	-0.04645256733803682
1.7588471944398885	-0.0511006993397764
1.7627081697024383	-0.06028443542549261
1.7704301202275377	-0.07819028570309444
1.7858740212777366	-0.11206715301897238
1.7879666008634858	-0.11645076265181847
1.790059180449235	-0.12078364093324528
1.7942443396207335	-0.12929544128417317
1.8026146579637303	-0.14569125982786332
1.8047072375494795	-0.14965701505623477
1.8067998171352286	-0.15356869135729628
1.8109849763067272	-0.161228264764091
1.819355294649724	-0.1758818947040817
1.8214478742354732	-0.17940456962717016
1.8235404538212223	-0.18287026616643218
1.8277256129927208	-0.1896294117135302
1.8360959313357177	-0.2024499388899795
1.8381885109214668	-0.20550796200642177
1.840281090507216	-0.20850657460660194
1.8444662496787145	-0.21432449449764368
1.8528365680217114	-0.2252360226032319
1.8549291476074605	-0.2278116184336732
1.8570217271932097	-0.23032585468958144
1.8612068863647082	-0.23516942016260386
1.8632994659504574	-0.23749835464869784
1.8653920455362067	-0.23976514013524297
1.869577204707705	-0.2441115605144385
1.8716697842934542	-0.24619086320863814
1.8737623638792034	-0.2482073525362461
1.877947523050702	-0.25205131324353525
1.8863178413936987	-0.25897956038286163
1.888410420979448	-0.26055269857288715
1.890503000565197	-0.2620620734265656
1.8946881597366956	-0.26488920892998963
1.8967807393224447	-0.2662068273830329
1.898873318908194	-0.26746039811446903
1.9030584780796924	-0.26977519966016383
1.9051510576654416	-0.270836352026991
1.9072436372511907	-0.2718332997782243
1.9093362168369399	-0.2727660236192762
1.911428796422689	-0.2736345122248238
1.9135213760084382	-0.27443876223607017
1.9156139555941873	-0.2751787782570988
1.9177065351799367	-0.2758545728503256
1.9197991147656859	-0.2764661665310436
1.9218534296315735	-0.277004153459401
1.9239077444974608	-0.2774803277313778
1.9259620593633482	-0.27789473108569335
1.9280163742292356	-0.2782474126196767
1.930070689095123	-0.27853842878021734
1.9321250039610105	-0.2787678433539117
1.934179318826898	-0.2789357274564089
1.9362336336927854	-0.2790421595209528
1.9382879485586728	-0.2790872252861251
1.9403422634245604	-0.27907101778279253
1.942396578290448	-0.27899363732025123
1.9444508931563353	-0.2788551914715824
1.9465052080222227	-0.2786557950582116
1.9485595228881103	-0.2783955701336769
1.9506138377539979	-0.2780746459666096
1.9526681526198852	-0.277693159022923
1.9547224674857726	-0.27725125294722386
1.9567767823516602	-0.2767490785434333
1.9588310972175478	-0.27618679375463073
1.9608854120834351	-0.2755645636421197
1.9629397269493225	-0.27488256036371816
1.96499404181521	-0.27414096315127373
1.969102671546985	-0.2724797390815068
1.9711569864128724	-0.2715605058449098
1.97321130127876	-0.2705824658653857
1.977319931010535	-0.26845082955211613
1.9793742458764223	-0.26729768243545515
1.9814285607423099	-0.26608662695365154
1.9855371904740848	-0.2634917647426177
1.9875915053399722	-0.2621084619248349
1.9896458202058596	-0.2606682585024779
1.9937544499376345	-0.257618231730369
2.001971709401184	-0.2508476438365745
2.0040260242670715	-0.24901703429204608
2.006080339132959	-0.24713185964976825
2.010188968864734	-0.24319910648272963
2.018406228328284	-0.23469338011065624
2.0204605431941713	-0.23243559997561755
2.0225148580600587	-0.23012600145193857
2.026623487791834	-0.22535284023339214
2.0348407472553838	-0.21520143468910474
2.0512752661824836	-0.1925694041421418
2.053191137991341	-0.1897366135634188
2.055107009800199	-0.1868645019211872
2.058938753417914	-0.18100381801994897
2.066602240653345	-0.16882734696541019
2.081929215124206	-0.14274311779345603
2.112583164065929	-0.08441048194625353
2.114499035874787	-0.08052357418165906
2.1164149076836445	-0.0766111095057487
2.1202466513013603	-0.06871143823161983
2.127910138536791	-0.052626772398392474
2.143237113007652	-0.019427312488870793
2.1738910619493748	0.05017480509316084
2.175969025712707	0.055006899353210834
2.178046989476039	0.059849651533545115
2.182202917002703	0.06956437302682561
2.190514772056031	0.08909131881305916
2.207138482162687	0.12837947183608564
2.2403859023759995	0.2066403747853361
2.2424638661393317	0.21146822309787894
2.244541829902664	0.21628443301620348
2.2486977574293276	0.22587917501922677
2.2570096124826557	0.24489868433095457
2.273633322589312	0.2821050382579694
2.306880742802624	0.3519929242528457
2.3088202635089266	0.35584110970518457
2.3107597842152288	0.3596608120750606
2.314638825627833	0.36721277817315223
2.322396908453042	0.3819531893376902
2.3379130741034597	0.4098723172819183
2.339852594809762	0.41320666236698345
2.341792115516064	0.4165049183958953
2.3456711569286686	0.4229913768033944
2.3534292397538774	0.43551177531825735
2.368945405404295	0.45864721259328783
2.3708849261105973	0.46135250337342615
2.3728244468168995	0.4640149961868777
2.376703488229504	0.4692100504269585
2.384461571054713	0.4790699099394802
2.386401091761015	0.4814222644913022
2.388340612467317	0.48372885819734346
2.3922196538799216	0.48820336545273024
2.3999777367051305	0.4965881314534333
2.4019172574114327	0.49856484014988955
2.403856778117735	0.5004931123959281
2.4077358195303393	0.504203098883846
2.4096753402366415	0.5059842008203286
2.4116148609429437	0.5077156417582669
2.415493902355548	0.5110283695918583
2.4174334230618504	0.5126090832919229
2.4193729437681526	0.514138989661111
2.423251985180757	0.5170452888878325
2.4251915058870592	0.5184211486010101
2.4271310265933614	0.51974513474954
2.4310100680059663	0.522236476158411
2.4331116806667428	0.5234984675973908
2.4352132933275197	0.5246983738738105
2.437314905988296	0.5258358992464247
2.4394165186490726	0.526910755207012
2.441518131309849	0.5279226605156078
2.4436197439706255	0.5288713412349039
2.4478229692921785	0.5305779698701945
2.449924581952955	0.5313354067227382
2.4520261946137314	0.5320285969219988
2.4541278072745083	0.5326573035305787
2.4562294199352848	0.5332212971024637
2.4583310325960612	0.5337203557114935
2.460432645256838	0.5341542649789804
2.4625342579176146	0.5345228181004559
2.464635870578391	0.5348258158715611
2.4667374832391675	0.5350630667130609
2.468839095899944	0.5352343866949874
2.470940708560721	0.5353395995599126
2.4730423212214974	0.5353785367453405
2.475143933882274	0.5353510374052202
2.4772455465430507	0.5352569484305788
2.479347159203827	0.5350961244692687
2.4814487718646037	0.5348684279448285
2.48355038452538	0.5345737290744583
2.4856519971861566	0.5342119058860987
2.4877536098469335	0.5337828442346215
2.48985522250771	0.5332864378171305
2.4919568351684864	0.5327225881873554
2.4940584478292633	0.5320912047691586
2.49616006049004	0.5313922048691397
2.4982616731508163	0.5306255136883359
2.5003632858115927	0.5297910643330296
2.502464898472369	0.5288887978246432
2.504566511133146	0.5279186631087405
2.5066681237939226	0.5268806170631128
2.508769736454699	0.52577462450497
2.510871349115476	0.5246006581972154
2.515074574437029	0.5220487351442958
2.5171761870978053	0.5206707636972324
2.519277799758582	0.5192247891029673
2.523481025080135	0.5161288886524027
2.5318874757232415	0.5091221359317342
2.533989088384018	0.507200936758958
2.5360907010447944	0.5052120578022566
2.5402939263663478	0.501031573336366
2.548700377009454	0.4918623318961116
2.5508019896702305	0.4894022724575392
2.552903602331007	0.48687536475426785
2.5571068276525604	0.4816215702691968
2.5655132782956667	0.47031846399512367
2.5675766262365816	0.4673829973962512
2.5696399741774965	0.46438437773434976
2.573766670059326	0.4581984496587458
2.582020061822985	0.44507763179820514
2.5985268453503036	0.41589244061348096
2.600590193291218	0.41197339746155287
2.602653541232133	0.4079951019367149
2.606780237113963	0.39986197129871415
2.6150336288776224	0.38289845108272946
2.6315404124049406	0.34625912956391514
2.6336037603458555	0.3414320953386426
2.6356671082867704	0.33655144369788914
2.6397938041686	0.3266309207212269
2.6480471959322593	0.30616476643814816
2.664553979459578	0.26283120587221087
2.697567546514215	0.1674287692340546
2.6994924513981005	0.16154123998270856
2.7014173562819854	0.15562078958945114
2.7052671660497554	0.14368300812871407
2.7129667855852952	0.11943328919638432
2.728366024656376	0.06954685211186062
2.7591645027985363	-0.034857811613227485
2.820761459082857	-0.2543676923390424
2.822848455921217	-0.2618876395788916
2.824935452759576	-0.2694051907834232
2.829109446436295	-0.28443010724780593
2.8374574337897323	-0.3144182068418431
2.8541534084966074	-0.37397970728516833
2.887545357910357	-0.4901110499583553
2.8896323547487164	-0.4971847447940025
2.891719351587076	-0.5042323869620067
2.8958933452637945	-0.5182466591473941
2.9042413326172323	-0.5459313164035087
2.920937307324107	-0.5997686906679577
2.954329256737857	-0.7001079238817465
2.956277810519187	-0.7056185660176915
2.958226364300516	-0.7110879905428393
2.9621234718631753	-0.7219012382195426
2.969917686988494	-0.7430118931011247
2.9855061172391304	-0.7830655558228687
2.98745467102046	-0.7878602568856916
2.9894032248017894	-0.7926063904454131
2.9933003323644485	-0.8019512598336229
3.001094547489767	-0.8200397847954889
3.0166829777404036	-0.8537227568824798
3.0186315315217334	-0.8576918777251255
3.0205800853030627	-0.8616061720982229
3.0244771928657217	-0.8692688811417243
3.0322714079910402	-0.8839212549065527
3.0342199617723695	-0.8874422045971326
3.0361685155536993	-0.8909056565983647
3.0400656231163588	-0.8976588280821011
3.047859838241677	-0.9104618553093258
3.0498083920230066	-0.9135144021104493
3.0517569458043363	-0.9165071080446989
3.0556540533669954	-0.9223119263254155
3.063448268492314	-0.933191994272675
3.0653968222736436	-0.9357585825607984
3.067345376054973	-0.9382633292531788
3.071242483617632	-0.943086401912087
3.0790366987429505	-0.9519809057009238
3.0809469878044187	-0.9540068061489372
3.0828572768658864	-0.9559716914539627
3.086677854988822	-0.9597177418357595
3.0885881440502896	-0.9614985827390401
3.0904984331117573	-0.9632177601822983
3.094319011234693	-0.9664705348548164
3.0962293002961614	-0.9680038505361414
3.098139589357629	-0.9694749396875939
3.1019601674805646	-0.9722299344041667
3.1038704565420323	-0.9735136014630934
3.1057807456035	-0.9747345650017936
3.109601323726436	-0.9769879641040407
3.111511612787904	-0.9780202045556928
3.113421901849372	-0.9789893512813564
3.1153321909108396	-0.9798953203601128
3.1172424799723073	-0.9807380333395129
3.119152769033775	-0.9815174172428311
3.1210630580952428	-0.9822334045758061
3.1229733471567105	-0.982885933332881
3.1248836362181787	-0.9834749470029263
3.126793925279647	-0.9840003945744661
3.1287042143411146	-0.9844622305403948
3.1306145034025823	-0.9848604149021736
3.13252479246405	-0.9851949131735366
3.1344350815255178	-0.9854656963836641
3.1363453705869855	-0.9856727410798767
3.138255659648453	-0.9858160293297871
3.1401659487099214	-0.9858955487229656
3.1420762377713896	-0.9859112923720815
3.1439865268328573	-0.9858632589135484
3.145896815894325	-0.9857514525076401
3.1478071049557927	-0.9855758828381095
3.1497173940172605	-0.9853365651112963
3.151627683078728	-0.9850335200547232
3.153537972140196	-0.9846667739151729
3.155448261201664	-0.9842363584562694
3.1573585502631323	-0.9837423109555415
3.1592688393246	-0.9831846742009788
3.1611791283860677	-0.9825634964870757
3.1630894174475355	-0.9818788316103689
3.164999706509003	-0.9811307388644722
3.166909995570471	-0.9803192830345889
3.170730573693407	-0.9785065686852288
3.172640862754875	-0.97750546713772
3.1745511518163427	-0.9764413164356601
3.178371729939278	-0.9741242415889766
3.180282019000746	-0.9728715180660975
3.1821923080622136	-0.9715561466136199
3.1860128861851496	-0.9687379208467949
3.1879231752466177	-0.9672353105074031
3.1898334643080855	-0.9656705401657799
3.193654042431021	-0.9623550666272597
3.2012951986768923	-0.9549845177146399
3.2033675796928343	-0.952816564917767
3.2054399607087767	-0.9505769244520721
3.2095847227406606	-0.9458834999927335
3.2178742468044295	-0.9356469183969502
3.219946627820372	-0.9329122544865263
3.222019008836314	-0.9301079291272478
3.2261637708681983	-0.924291442581558
3.234453294931967	-0.9118355578691638
3.2365256759479095	-0.90855198435744
3.2385980569638515	-0.9052012274626658
3.242742818995736	-0.8982995330966727
3.2510323430595047	-0.8837053853603498
3.267611391187042	-0.8514392979416151
3.269683772202984	-0.8471253871293936
3.2717561532189263	-0.842750532647888
3.2759009152508103	-0.8338197743138627
3.284190439314579	-0.8152468686772829
3.3007694874421167	-0.7753628894328143
3.3339275836971916	-0.6855755847792973
3.3358615216561036	-0.6799631115203796
3.337795459615016	-0.6743122901994945
3.341663335532841	-0.6628975906670158
3.3493990873684907	-0.6396300515566633
3.36487059103979	-0.5914576310563401
3.395813598382388	-0.4895213297074072
3.4576996130675846	-0.2713867165270528
3.4597956429809713	-0.26383738101842225
3.4618916728943576	-0.2562854326807239
3.466083732721131	-0.24117673325281191
3.474467852374678	-0.21096135118570022
3.491236091681772	-0.15070791601926728
3.5247725702959603	-0.03224854679138747
3.526868600209347	-0.024987505455223546
3.5289646301227338	-0.01774757036606231
3.5331566899495073	-0.0033338473640698307
3.5415408096030543	0.025209379448093205
3.558309048910148	0.08100464735742821
3.5918455275243355	0.18624595448417633
3.5939032927178607	0.1923840132444612
3.5959610579113854	0.19848166820689972
3.6000765882984354	0.21055358550403053
3.608307649072535	0.23418885500839864
3.6247697706207354	0.2793094377478881
3.62682753581426	0.28473826403006897
3.6288853010077853	0.29011855369562245
3.6330008313948357	0.30073167856562943
3.6412318921689355	0.32135551917448707
3.657694013717135	0.3600977726851564
3.6597517789106604	0.3646977719159843
3.661809544104185	0.36924254114306676
3.665925074491235	0.37816493102193627
3.674156135265335	0.3953312654876976
3.67621390045886	0.399479529589302
3.678271665652385	0.40356981429692107
3.6823871960394348	0.4115751952009058
3.6906182568135346	0.4268768248970762
3.69267602200706	0.43055282964057745
3.6947337872005845	0.43416852899093883
3.6988493175876345	0.4412179776400028
3.7070803783617343	0.4545822245286616
3.7091381435552595	0.45776888807634164
3.7111959087487842	0.460893358846437
3.715311439135834	0.46695491134782635
3.7235424999099345	0.47832318211569425
3.7254618220464293	0.48082840964243173
3.7273811441829245	0.48327829031413455
3.731219788455915	0.4880115357655025
3.738897077001896	0.496808941505845
3.7408163991383914	0.4988683345689541
3.7427357212748866	0.500871572307376
3.7465743655478767	0.5047092818769982
3.7542516540938573	0.5117078467454153
3.7561709762303526	0.5133161680526462
3.758090298366848	0.5148678777113372
3.7619289426398383	0.5178013390013309
3.7638482647763336	0.5191830429392629
3.765767586912829	0.5205080398435755
3.769606231185819	0.522987878105698
3.7715255533223138	0.5241427160891309
3.773444875458809	0.5252408402876335
3.7753641975953043	0.526282262855788
3.7772835197317995	0.5272670014807392
3.779202841868295	0.5281950793790767
3.78112216400479	0.5290665252931812
3.7849608082777806	0.5306396637416089
3.786880130414276	0.5313414413494646
3.788799452550771	0.531986757109175
3.7907187746872664	0.5325756673189636
3.7926380968237616	0.5331082337699253
3.794557418960257	0.5335845237387014
3.796476741096752	0.5340046099796396
3.7983960632332474	0.5343685707164263
3.8003153853697422	0.5346764896331977
3.802234707506237	0.5349284558651377
3.8041540296427323	0.5351245639885475
3.8060733517792276	0.5352649140104019
3.807992673915723	0.5353496113573883
3.809911996052218	0.5353787668644276
3.8118313181887133	0.5353524967626794
3.8137506403252086	0.5352709226670352
3.815669962461704	0.5351341715630947
3.817589284598199	0.5349423757936362
3.8195086067346944	0.5346956730445679
3.8214279288711896	0.5343942063303785
3.823347251007685	0.534038123979075
3.82526657314418	0.5336275796166126
3.8271858952806754	0.5331627321508223
3.8291052174171707	0.5326437457548365
3.8310245395536655	0.5320707898500072
3.8329438616901603	0.5314440390883269
3.8348631838266556	0.5307636733343496
3.836782505963151	0.530029877646616
3.838701828099646	0.5292428422585813
3.8406211502361414	0.5284027625590503
3.8425404723726366	0.5275098390721202
3.846379116645627	0.5255662883851404
3.8484605307365967	0.5244250115220344
3.850541944827566	0.5232226138635774
3.854704773009505	0.5206356186393679
3.8567861871004747	0.5192516195686996
3.8588676011914442	0.5178076966214457
3.8630304293733833	0.5147413512326409
3.8651118434643528	0.5131195817467428
3.8671932575553223	0.5114391942180363
3.8713560857372613	0.5079039444046379
3.87968174210114	0.5001455693207033
3.8817631561921093	0.4980648321719352
3.8838445702830793	0.49592840528029014
3.8880073984650183	0.4914900680888983
3.8963330548288964	0.48196290877098036
3.9129843675566525	0.4604033275540263
3.915065781647622	0.45748235860222797
3.9171471957385915	0.45451274180222384
3.9213100239205305	0.4484295261801249
3.9296356802844086	0.43570119808846447
3.9462869930121647	0.4081135538779195
3.948368407103134	0.4044758329949163
3.9504498211941037	0.40079790634142876
3.9546126493760427	0.3933237144922561
3.962938305739921	0.3779181725524142
3.9795896184676773	0.3454115088511418
3.981532589501617	0.3414820945319274
3.983475560535557	0.3375259663028506
3.987361502603436	0.3295356235448765
3.9951333867391954	0.31325711921755783
4.010677155010713	0.27962698032580213
4.041764691553749	0.20904579287572334
4.103939764639821	0.06264749028395326
4.105844470953899	0.058202789002590835
4.107749177267976	0.05376666052210251
4.111558589896132	0.044922241685519726
4.1191774151524445	0.027359535590919026
4.134415065665069	-0.007144140252149878
4.164890366690317	-0.07274745376175298
4.166795073004395	-0.07666165650982149
4.168699779318473	-0.08055106917305124
4.172509191946629	-0.08825363419818953
4.180128017202941	-0.10334064001282277
4.195365667715565	-0.132139822690326
4.197270374029643	-0.1356021354907923
4.199175080343721	-0.13903242326503742
4.202984492971877	-0.14579522145092266
4.2106033182281895	-0.15891797920221448
4.225840968740814	-0.18346121972028723
4.227907767009366	-0.18660696421192247
4.229974565277918	-0.18970742353266623
4.234108161815023	-0.19577060974042415
4.242375354889233	-0.20733322238819485
4.2444421531577845	-0.21010381806306644
4.246508951426337	-0.21282551953152162
4.250642547963443	-0.21812054385736207
4.258909741037652	-0.22810553791665308
4.2609765393062045	-0.23047339934694783
4.263043337574756	-0.2327891300970818
4.267176934111861	-0.23726269740616407
4.27544412718607	-0.24556809306128505
4.277510925454623	-0.24750870366087724
4.2795777237231745	-0.24939434440531624
4.283711320260279	-0.2529994195757604
4.291978513334489	-0.25953603882021414
4.294045311603041	-0.26102813912092493
4.2961121098715935	-0.26246284964698435
4.300245706408699	-0.2651590201373569
4.302312504677252	-0.2664199567302712
4.3043793029458035	-0.26762245687110214
4.308512899482908	-0.2698511776401106
4.310579697751461	-0.270876930753707
4.312646496020013	-0.2718433124452819
4.314713294288564	-0.27275010665306065
4.316780092557117	-0.27359710444405044
4.31884689082567	-0.27438410404092123
4.320913689094222	-0.2751109108480948
4.3229804873627735	-0.2757773374770473
4.325047285631326	-0.27638320377081443
4.327114083899879	-0.27692833682769785
4.329180882168431	-0.27741257102417644
4.331247680436983	-0.2778357480370115
4.333314478705535	-0.27819771686454897
4.335381276974088	-0.278498333847209
4.337448075242641	-0.27873746268717337
4.3395148735111935	-0.2789149744672505
4.341581671779745	-0.2790307476689343
4.343648470048297	-0.27908466818964184
4.34571526831685	-0.2790766293591279
4.347782066585403	-0.27900653195508757
4.349848864853955	-0.278874284217925
4.351915663122508	-0.27867980186470565
4.35398246139106	-0.27842300810227666
4.356049259659612	-0.2781038336395604
4.358116057928164	-0.27772221669901587
4.360044413139687	-0.2773098055985484
4.36197276835121	-0.2768429517295464
4.363901123562732	-0.2763216226566162
4.365829478774255	-0.2757457916657998
4.367757833985777	-0.2751154377698268
4.369686189197299	-0.2744305457128173
4.373542899620345	-0.27289711477345824
4.375471254831868	-0.27204857407087024
4.3773996100433905	-0.2711454915722952
4.381256320466435	-0.26917576074404126
4.383184675677958	-0.2681091565635314
4.38511303088948	-0.26698809888645914
4.3889697413125255	-0.2645827745777124
4.390898096524048	-0.2632985980819624
4.392826451735571	-0.2619601483581323
4.396683162158616	-0.2591206726763805
4.398611517370139	-0.2576197827873028
4.4005398725816605	-0.25606489180001923
4.404396583004706	-0.25279344169049234
4.406324938216229	-0.2510770644450022
4.408253293427752	-0.24930704984255525
4.412110003850796	-0.24560653508818303
4.419823424696887	-0.23756686744940825
4.421751779908409	-0.2354246554271041
4.423680135119932	-0.23322980665418233
4.427536845542977	-0.22868280649113246
4.435250266389067	-0.21896416283308057
4.43717862160059	-0.2164053844519959
4.439106976812113	-0.213795329828409
4.442963687235157	-0.20842217751698816
4.450677108081248	-0.19706950729569012
4.4526054632927705	-0.19410628688656423
4.454533818504293	-0.19109350357008387
4.458390528927338	-0.1849202077117712
4.466103949773428	-0.17198971398886906
4.481530791465609	-0.14385365367686762
4.483621238631606	-0.13981386363103238
4.485711685797603	-0.13572108457440954
4.489892580129597	-0.12737820687730841
4.498254368793584	-0.11007508541982855
4.51497794612156	-0.07310025512835783
4.54842510077751	0.00943163961666732
4.550515547943506	0.014931482251002715
4.552605995109504	0.020468044655817863
4.556786889441497	0.03164891032624784
4.565148678105485	0.05442439595502385
4.58187225543346	0.10148869341085165
4.615319410089411	0.20047867890242416
4.6172714141983775	0.20641044510804166
4.619223418307345	0.21235554888032962
4.623127426525279	0.22428339077439638
4.630935442961148	0.24827285183916079
4.646551475832885	0.2966512840034152
4.677783541576359	0.3939020554030861
4.679735545685325	0.3999579035278715
4.681687549794293	0.4060073546772811
4.685591558012227	0.4180845452949349
4.693399574448096	0.44213443132464914
4.709015607319833	0.4896751540246359
4.7402476730633065	0.5813989484975688
4.742161412452412	0.5868308270633923
4.744075151841518	0.5922374257093195
4.747902630619728	0.6029725111729501
4.755557588176149	0.6241144294090969
4.770867503288993	0.6649604446722205
4.772781242678098	0.6699206903811497
4.774694982067203	0.6748467972126814
4.778522460845414	0.6845944587181063
4.786177418401836	0.7036567713257015
4.801487333514679	0.7399332823776313
4.803401072903784	0.7442846967363073
4.80531481229289	0.7485937570863089
4.8091422910711	0.7570828700312338
4.8167972486275215	0.7735316364279985
4.832107163740364	0.8042069046468489
4.83402090312947	0.8078241572525762
4.835934642518575	0.8113916906350478
4.839762121296785	0.8183758930050535
4.847417078853207	0.8317291252882635
4.86272699396605	0.8558847763232892
4.86480282530963	0.8588898544310344
4.86687865665321	0.8618289537113494
4.871030319340369	0.8675074023543158
4.879333644714688	0.8780529771134109
4.881409476058268	0.8805178564744682
4.883485307401847	0.8829133040790991
4.887636970089007	0.8874943073466153
4.895940295463326	0.8958059637114372
4.8980161268069065	0.8977045583375388
4.900091958150486	0.8995307123626455
4.904243620837645	0.9029643313991204
4.906319452181225	0.9045711312589688
4.908395283524804	0.9061041603001587
4.912546946211964	0.9089476577338496
4.914622777555543	0.9102575208998029
4.916698608899123	0.9114924028731064
4.918774440242703	0.9126520200868773
4.920850271586282	0.9137360966611878
4.922926102929862	0.9147443644397995
4.925001934273442	0.9156765630260979
4.927077765617021	0.9165324398182111
4.929153596960601	0.9173117500432997
4.9312294283041815	0.9180142567910281
4.933305259647761	0.9186397310462042
4.93538109099134	0.9191879517205945
4.9374569223349205	0.9196587056838936
4.9395327536785	0.9200517877938543
4.941608585022079	0.9203670009255874
4.9436844163656595	0.9206041559999953
4.945760247709239	0.9207630720113698
4.947836079052818	0.9208435760541306
4.949911910396398	0.9208455033487056
4.951987741739978	0.9207686972665566
4.954063573083557	0.9206130093543322
4.956139404427137	0.9203782993571674
4.958215235770717	0.9200644352410985
4.960291067114296	0.9196712932146216
4.962366898457876	0.9191987577493675
4.964442729801457	0.9186467215998964
4.966518561145036	0.9180150858226239
4.968594392488615	0.9173037597938541
4.970670223832196	0.9165126612269345
4.972746055175775	0.9156417161885212
4.974821886519354	0.9146908591139549
4.978973549206514	0.9125491885271804
4.981049380550093	0.9113582858549891
4.9831252118936735	0.9100872928511795
4.987276874580832	0.9073049502035637
4.9893527059244125	0.9057935788517166
4.991428537267992	0.9042020737694713
4.9955801999551515	0.9007787120783655
4.997517588241701	0.899071561647264
4.999454976528251	0.8972946875432379
5.003329753101351	0.8935319157933206
5.0052671413879	0.8915461079905268
5.007204529674451	0.8894907562032386
5.0110793062475505	0.8851716712391919
5.0130166945341	0.8829080794518238
5.01495408282065	0.8805752264561593
5.01882885939375	0.8757020904565713
5.02657841253995	0.8651289339366709
5.028515800826501	0.8623140428803684
5.03045318911305	0.8594307649464865
5.034327965686151	0.8534596074474152
5.04207751883235	0.8407031563926672
5.057576625124749	0.8119732093072667
5.059514013411299	0.8080842682881854
5.061451401697849	0.8041299121452321
5.065326178270949	0.7960259170729158
5.073075731417148	0.7790438794365842
5.088574837709547	0.7420454150019834
5.090512225996097	0.7371419547744879
5.092449614282647	0.7321776366734218
5.096324390855747	0.7220677753580639
5.1040739440019465	0.7011329171257857
5.119573050294346	0.656485580414119
5.1216725305353705	0.6501613243483664
5.1237720107763955	0.6437727532368706
5.127970971258444	0.6308048426655166
5.13636889222254	0.6041215946850311
5.153164734150735	0.5478965507620274
5.186756418007123	0.4251523802095962
5.188855898248147	0.4170734760483991
5.190955378489171	0.4089509698559114
5.19515433897122	0.39257814701349447
5.203552259935317	0.3593425203137677
5.220348101863511	0.2910855902437703
5.253939785719899	0.14888283325414503
5.256001001241062	0.13996844384241425
5.258062216762224	0.13103721022742715
5.262184647804549	0.11312752819899824
5.270429509889199	0.07714265919336799
5.286919234058499	0.004699452609688848
5.319898682397099	-0.14055206578126023
5.321959897918262	-0.14958551800214087
5.324021113439424	-0.15860852444102747
5.328143544481749	-0.17661974803145875
5.3363884065664	-0.21247890018282994
5.3528781307357	-0.2833515439266966
5.3858575790743	-0.42019162809906185
5.387780351538433	-0.4279130247155726
5.3897031240025655	-0.4356018849540584
5.393548668930832	-0.4508793747847503
5.401239758787362	-0.4810152175618855
5.416621938500423	-0.5394668429581682
5.4185447109645555	-0.546590377447584
5.420467483428689	-0.5536711977057929
5.424313028356954	-0.5677022548246606
5.432004118213485	-0.5952251381426548
5.447386297926547	-0.6479817634092797
5.4493090703906795	-0.6543504949032543
5.4512318428548125	-0.6606671620524601
5.455077387783078	-0.673142100278916
5.462768477639609	-0.6974432061642166
5.478150657352671	-0.7433325032098577
5.4800734298168035	-0.7488044016076478
5.4819962022809365	-0.7542159320204971
5.485841747209202	-0.7648559753444497
5.493532837065733	-0.7853908744854496
5.508915016778795	-0.8233792586029498
5.510999881197402	-0.8282027151407909
5.513084745616009	-0.8329468556119696
5.517254474453224	-0.842195180249586
5.525593932127652	-0.859718381814315
5.527678796546259	-0.8638936341850832
5.529763660964866	-0.8679857575080365
5.53393338980208	-0.8759188617293271
5.542272847476508	-0.8907686709405775
5.544357711895115	-0.8942670052175192
5.546442576313723	-0.8976789136848584
5.550612305150937	-0.9042419634078955
5.5526971695695435	-0.907392381033656
5.55478203398815	-0.9104549256732908
5.558951762825364	-0.91631504317524
5.561036627243971	-0.9191119612940568
5.563121491662578	-0.9218196970160552
5.567291220499793	-0.9269664079269598
5.575630678174221	-0.9361767889518281
5.577715542592828	-0.9382521880963309
5.579800407011435	-0.9402362088549888
5.5839701358486495	-0.9439291874426755
5.586055000267256	-0.9456377040494045
5.588139864685864	-0.9472539598800491
5.592309593523078	-0.9502089070655666
5.594394457941685	-0.9515472302690818
5.596479322360292	-0.952792556440625
5.5985641867788996	-0.9539447245306177
5.6006490511975064	-0.9550035827387411
5.602733915616113	-0.9559689885340175
5.604818780034721	-0.9568408086739326
5.606903644453328	-0.9576189192225968
5.608988508871935	-0.958303205567951
5.611073373290542	-0.9588935624380022
5.613158237709149	-0.95938989391609
5.6152431021277565	-0.9597921134551942
5.617327966546363	-0.9601001438912611
5.61941283096497	-0.9603139174555702
5.621497695383578	-0.9604333757861153
5.623582559802185	-0.960458469938019
5.625667424220792	-0.9603891603929684
5.627752288639399	-0.9602254170676712
5.629837153058006	-0.9599672193213376
5.6319220174766125	-0.9596145559621775
5.634006881895219	-0.95916742525292
5.636091746313826	-0.9586258349153508
5.638176610732433	-0.9579898021338633
5.640261475151041	-0.9572593535580345
5.642346339569648	-0.9564345253042106
5.644292760931226	-0.955579321932312
5.646239182292803	-0.954641941251579
5.64818560365438	-0.953622434993397
5.650132025015957	-0.9525208620786028
5.6520784463775335	-0.9513372886152242
5.654024867739111	-0.9500717878955883
5.657917710462266	-0.9472953337563448
5.659864131823843	-0.9457845628076146
5.66181055318542	-0.9441922295340155
5.665703395908575	-0.9407633197552057
5.667649817270153	-0.9389269829970204
5.66959623863173	-0.9370095633924438
5.673489081354884	-0.9329320336150275
5.675435502716461	-0.9307722202162151
5.6773819240780385	-0.9285319174983092
5.681274766801193	-0.9238105156915416
5.689060452247502	-0.913409623191924
5.69100687360908	-0.9106109421157151
5.692953294970657	-0.9077332980991868
5.696846137693811	-0.9017420175638706
5.7046318231401205	-0.8888221492539056
5.7065782445016975	-0.885398378464676
5.708524665863275	-0.881897617196812
5.71241750858643	-0.8746662398544969
5.720203194032739	-0.85929226166345
5.722149615394317	-0.8552607148529168
5.724096036755894	-0.8511545862142247
5.727988879479048	-0.8427199146828777
5.735774564925357	-0.8249706010888564
5.737720986286934	-0.8203520395535662
5.739667407648512	-0.8156617285838351
5.743560250371667	-0.8060673972066161
5.751345935817976	-0.7860350230298279
5.766917306710594	-0.7426896623751722
5.768825463352309	-0.7370856033989266
5.770733619994025	-0.7314191855490061
5.774549933277456	-0.7199010893778508
5.782182559844318	-0.6961368647350924
5.797447812978042	-0.6458047070747837
5.827978319245491	-0.5348590104583402
5.829886475887207	-0.5275090232342509
5.831794632528922	-0.5201136070268444
5.835610945812354	-0.505188901960967
5.843243572379215	-0.47482111799714755
5.85850882551294	-0.412152100526556
5.889039331780388	-0.2802459808020553
5.891109580376578	-0.271036605131419
5.893179828972768	-0.26179850226173107
5.897320326165148	-0.2432397021134235
5.905601320549907	-0.20581699551199975
5.922163309319426	-0.1299555004219863
5.955287286858464	0.024169939967382204
5.957357535454654	0.03384270713915627
5.959427784050844	0.043514510100549825
5.963568281243224	0.06285144196270256
5.971849275627983	0.1014721450519736
5.988411264397502	0.17828953241493373
6.02153524193654	0.32855051521667333
6.0234670474757	0.3371142532087996
6.025398853014861	0.3456512733936762
6.029262464093181	0.3626422415329389
6.036989686249821	0.39627158737524826
6.052444130563101	0.46195962755366576
6.083353019189663	0.5858099136918246
6.085284824728824	0.5931699316602345
6.087216630267983	0.6004812928622475
6.091080241346303	0.6149555393629182
6.0988074635029434	0.643292826566975
6.114261907816225	0.6973878606768613
6.1161937133553845	0.7038965149004026
6.118125518894545	0.7103470046367476
6.1219891299728655	0.723071278742972
6.129716352129505	0.7477978053373053
6.145170796442786	0.7942455453512618
6.147327271169481	0.8003969757605177
6.149483745896177	0.8064655892552964
6.153796695349569	0.8183517729017902
6.162422594256352	0.8411023213899506
6.1645790689830475	0.8465735096536762
6.166735543709743	0.8519569312874719
6.171048493163135	0.8624581753255327
6.179674392069918	0.882382703416068
6.181830866796614	0.8871361303111475
6.183987341523309	0.891797440852849
6.188300290976701	0.9008417229555774
6.196926189883484	0.9178035599198245
6.19908266461018	0.9218066160002705
6.2012391393368755	0.9257138365691068
6.2055520887902675	0.933239104660092
6.214177987697051	0.9471218630953653
6.216334462423746	0.9503470779282477
6.218490937150442	0.9534733948058111
6.222803886603834	0.959428003310939
6.224960361330529	0.9622556558839483
6.227116836057226	0.9649831324628093
6.231429785510617	0.970136397479652
6.233586260237312	0.9725616328107852
6.235742734964008	0.9748855859948997
6.2400556844174	0.9792286590304198
6.2422121591440956	0.9812473126958282
6.244368633870792	0.9831637518935037
6.248681583324183	0.9866891749972186
6.250838058050879	0.9882977804583981
6.252994532777574	0.9898034146037481
6.255151007504271	0.9912059158017308
6.257307482230966	0.9925051334903794
6.259463956957662	0.993700928193869
6.261620431684358	0.9947931715378504
6.263776906411054	0.9957817462635723
6.265933381137749	0.9966665462407849
6.268089855864445	0.9974474764794102
6.2702463305911404	0.9981244531399951
6.272402805317836	0.9986974035429281
6.274559280044532	0.9991662661764397
6.276715754771227	0.9995309907033683
6.278872229497923	0.9997915379666967
6.281028704224619	0.9999478799938576
6.283185178951315	0.9999999999998153