theta freq
1.2822827157509358e-7	0.9999999999999744
0.0019271655319089223	0.9999943421028054
0.0038542028355462695	0.9999773701070206
0.005781240139183617	0.9999490845825046
0.007708277442820964	0.9999094864790307
0.00963531474645831	0.9998585771262121
0.011562352050095658	0.9997963582334553
0.013489389353733006	0.9997228318898888
0.015416426657370353	0.9996380005642806
0.0173434639610077	0.9995418671049383
0.019270501264645048	0.9994344347395919
0.021197538568282395	0.9993157070752706
0.023124575871919743	0.9991856880981534
0.02505161317555709	0.9990443821734065
0.026978650479194437	0.9988917940450146
0.030832725086469132	0.9985527920461544
0.03275976239010648	0.9983663895559379
0.034686799693743824	0.9981687276221288
0.03854087430101852	0.9977396523407707
0.04046791160465586	0.9975082533950711
0.04239494890829321	0.9972656238088982
0.04624902351556791	0.9967467056630711
0.04817606081920525	0.9964704345176104
0.0501030981228426	0.9961829675593655
0.0539571727301173	0.9955744851621886
0.06166532194466669	0.9942236201128554
0.06359235924830403	0.9938580735034563
0.06551939655194139	0.9934814187170204
0.06937347115921608	0.9926948355112605
0.07708162037376547	0.9909889516094996
0.07900865767740281	0.9905349140194702
0.08093569498104017	0.9900698796680187
0.08478976958831486	0.9891068833889425
0.09249791880286425	0.9870496399729142
0.09442495610650159	0.9865080851631595
0.09635199341013895	0.9859556685014335
0.10020606801741364	0.9848183239790784
0.10791421723196302	0.9824141308119997
0.1233305156610618	0.9770923538515259
0.12541964491917348	0.9763189825946161
0.12750877417728518	0.9755332459946326
0.13168703269350854	0.9739248006878132
0.14004354972595529	0.9705609158660317
0.15675658379084878	0.9632527204610538
0.15884571304896047	0.9622854726823317
0.16093484230707217	0.9613064099932216
0.16511310082329553	0.9593129937036937
0.17346961785574228	0.9551860994927847
0.19018265192063574	0.9463812547196914
0.19227178117874744	0.9452298197388336
0.1943609104368591	0.9440672366356118
0.1985391689530825	0.9417088079318056
0.2068956859855292	0.9368601971088403
0.2236087200504227	0.9266466807812754
0.2570347881802097	0.9042455721421314
0.2589854743812916	0.9028605212718308
0.26093616058237346	0.9014671855349252
0.26483753298453727	0.8986558474876039
0.2726402777888649	0.8929358358301668
0.28824576739752006	0.8811173290964259
0.3194567466148305	0.8560564941291231
0.3818787050494512	0.8010067356157419
0.504273679847541	0.6803886586725685
0.6370425397319885	0.5454164165226277
0.6389786101106533	0.5435080939251836
0.640914680489318	0.5416028222540668
0.6447868212466474	0.5378016469579603
0.6525311027613062	0.530238265330089
0.6680196657906239	0.5152791956640189
0.6989967918492591	0.4861237127269984
0.7009328622279238	0.4843387829257528
0.7028689326065884	0.48255852990436354
0.7067410733639179	0.47901224292722355
0.7144853548785768	0.4719778530278904
0.7299739179078943	0.4581520681365768
0.7609510439665297	0.43155116073050326
0.7630492062996688	0.42980331886583834
0.7651473686328077	0.4280626025953983
0.7693436932990858	0.4246027445462131
0.777736342631642	0.41777068846163157
0.7945216412967544	0.4044677790963098
0.8280922386269791	0.3793857932648632
0.8301904009601182	0.3778885395527189
0.8322885632932572	0.3763997944898406
0.8364848879595352	0.37344797481345987
0.8448775372920915	0.3676480041176781
0.8616628359572038	0.3564702594088833
0.8952334332874284	0.3358576834447212
0.8972933309007058	0.33467043152925846
0.8993532285139831	0.3334922831596818
0.9034730237405377	0.33116337883043595
0.9117126141936469	0.32661568794488527
0.9281917950998653	0.31796479722493953
0.9302516927131426	0.31692542501348975
0.9323115903264199	0.31589543300141565
0.9364313855529744	0.3138636434674742
0.9446709760060836	0.3099131950980337
0.961150156912302	0.3024672752972739
0.9632100545255793	0.30157937103767907
0.9652699521388566	0.30070101176781644
0.9693897473654112	0.2989729540805048
0.9776293378185203	0.29563163884482113
0.9941085187247388	0.2894090966685382
0.9961684163380162	0.2886744576594021
0.9982283139512935	0.28794941664726115
1.0023481091778481	0.2865281266866814
1.0105876996309573	0.28380067741246984
1.0270668805371757	0.2788056403713181
1.0289883350934232	0.2782630570709094
1.0309097896496706	0.27772877545109614
1.0347526987621656	0.27668509369788963
1.0424385169871557	0.27469707344592975
1.044359971543403	0.2742207231370005
1.0462814260996507	0.27375261914992977
1.0501243352121459	0.27284111646604575
1.0578101534371358	0.2711166790108427
1.0597316079933834	0.2707060482329447
1.0616530625496308	0.2703035883122248
1.0654959716621257	0.2695231374167266
1.0731817898871159	0.2680597888334578
1.0751032444433632	0.2677142045029608
1.0770246989996108	0.26737669581775614
1.080867608112106	0.26672585200075116
1.088553426337096	0.26552046807119334
1.0904748808933435	0.26523910051612665
1.092396335449591	0.26496569405285453
1.0962392445620859	0.26444270147872573
1.0981606991183335	0.26419308317159335
1.100082153674581	0.2639513615655949
1.103925062787076	0.2634915408519031
1.1058465173433234	0.26327340721647297
1.107767971899571	0.26306310122867593
1.1116108810120662	0.2626658999711197
1.1135323355683138	0.2624789678737577
1.1154537901245611	0.2622997897708816
1.119296699237056	0.26196461876896093
1.1212181537933037	0.2618085867753595
1.123139608349551	0.26166023058926735
1.1250610629057984	0.26151952996348937
1.126982517462046	0.26138646437282026
1.1289039720182936	0.26126101301515053
1.1308254265745412	0.261143154812577
1.1346683356870362	0.2609301321888899
1.1365897902432835	0.2608349242431575
1.1385112447995311	0.2607472224055776
1.1404326993557787	0.2606670042363123
1.1423541539120263	0.2605942470266091
1.144275608468274	0.2605289277999801
1.1461970630245213	0.2604710233133893
1.1481185175807687	0.2604205100584515
1.1500399721370163	0.2603773642626388
1.152123518647738	0.2603388767399261
1.15420706515846	0.26030899286938836
1.1562906116691818	0.2602876812975212
1.1583741581799036	0.26027491031271005
1.1604577046906255	0.26027064784710624
1.1625412512013473	0.2602748614785231
1.1646247977120692	0.2602875184323402
1.166708344222791	0.260308585583428
1.1687918907335129	0.2603380294580787
1.1708754372442347	0.2603758162359574
1.1729589837549566	0.2604219117520641
1.1750425302656784	0.2604762814987094
1.1771260767764002	0.26053889062750446
1.179209623287122	0.2606097039513607
1.181293169797844	0.2606886859465086
1.1833767163085658	0.260775800754526
1.1854602628192876	0.2608710121843781
1.1875438093300095	0.2609742837144739
1.1896273558407313	0.26108557849473185
1.1917109023514532	0.26120485934866094
1.193794448862175	0.26133208877545144
1.1958779953728969	0.26146722895208147
1.2000450883943405	0.26176108866441955
1.2021286349050624	0.2619197309621294
1.2042121814157842	0.26208612953797666
1.208379274437228	0.26244203760637397
1.2167134604801153	0.2632451747862069
1.2187970069908372	0.2634647468815203
1.220880553501559	0.26369175150020513
1.2250476465230027	0.26416789075669056
1.23338183256589	0.26520750029179585
1.235465379076612	0.2654853455925276
1.2375489255873338	0.2657702808632883
1.2417160186087774	0.2663612447109218
1.2500502046516648	0.2676262942451884
1.2521337511623867	0.26795960986515505
1.2542172976731085	0.26829965528091215
1.2583843906945522	0.26899975044373914
1.2667185767374396	0.27047864861795984
1.2833869488232146	0.27374059586405
1.2853320522769067	0.27414679636652345
1.2872771557305986	0.2745581953342044
1.291167362637983	0.2753964259537619
1.298947776452751	0.27713346992622756
1.3145086040822878	0.2808405743024563
1.3456302593413607	0.2891103979848554
1.3475753627950526	0.28966205080697593
1.3495204662487448	0.29021752996781597
1.3534106731561288	0.29133978744656114
1.3611910869708972	0.2936282343251853
1.3767519146004337	0.2983706578147607
1.4078735698595066	0.3084349141645125
1.409780408593337	0.3090734383098462
1.4116872473271673	0.30971421830979146
1.415500924794828	0.31100236755740956
1.4231282797301492	0.31360377272396495
1.4383829896007918	0.31889698021353835
1.4688924093420768	0.3297644590059332
1.529911248824647	0.35197937814976055
1.5319801795129515	0.3527307090649118
1.5340491102012561	0.35348132328178705
1.5381869715778655	0.3549801785451013
1.5464626943310842	0.357966840177962
1.5630141398375215	0.36388360409575626
1.596117030850396	0.3753935465253623
1.5981859615387006	0.3760948113067486
1.6002548922270052	0.37679363117486364
1.6043927536036147	0.378183729447704
1.6126684763568333	0.38093232228172047
1.6292199218632706	0.3862917337001494
1.662322812876145	0.3963710409552636
1.6642533005074198	0.3969293832766806
1.6661837881386945	0.39748423712162656
1.6700447634012443	0.3985833313741344
1.677766713926344	0.40073803953447434
1.6932106149765427	0.40486546671462187
1.6951411026078176	0.40536364418885606
1.6970715902390925	0.40585776125729234
1.7009325655016423	0.40683367746766197
1.7086545160267417	0.4087352916651538
1.7240984170769407	0.4123302344520921
1.7260289047082156	0.4127594443310869
1.7279593923394905	0.4131840690520945
1.7318203676020403	0.41401943867751523
1.7395423181271397	0.41563379957230523
1.7414728057584146	0.41602546770267024
1.7434032933896892	0.41641230726664524
1.747264268652239	0.4171713828916634
1.7549862191773387	0.41863030719561095
1.7569167068086136	0.4189825324160097
1.7588471944398885	0.4193296989151018
1.7627081697024383	0.42000874469707145
1.7704301202275377	0.42130492207268044
1.7858740212777366	0.4236436800738609
1.7879666008634858	0.4239340083710736
1.790059180449235	0.4242178981221744
1.7942443396207335	0.4247662386293245
1.8026146579637303	0.42578431763520797
1.8047072375494795	0.4260222893701265
1.8067998171352286	0.4262535839821348
1.8109849763067272	0.42669602853844624
1.819355294649724	0.4274995637286317
1.8214478742354732	0.42768334101436994
1.8235404538212223	0.42786022288515363
1.8277256129927208	0.42819319734278666
1.82981819257847	0.42834923921982265
1.8319107721642194	0.42849828426357894
1.8360959313357177	0.4287752860082762
1.8381885109214668	0.42890319460374304
1.840281090507216	0.42902401015615815
1.8423736700929654	0.4291377094314254
1.8444662496787145	0.4292442695239105
1.8465588292644637	0.4293436678569835
1.848651408850213	0.429435882183536
1.8507439884359622	0.4295208905864933
1.8528365680217114	0.42959867147930314
1.8549291476074605	0.4296692036064118
1.8570217271932097	0.42973246604373183
1.859114306778959	0.4297884381990836
1.8612068863647082	0.42983709981262963
1.8632994659504574	0.4298784309572934
1.8653920455362067	0.4299124120391601
1.867484625121956	0.42993902379786475
1.869577204707705	0.42995824730696625
1.8716697842934542	0.42997006397430226
1.8737623638792034	0.4299744555423368
1.8758549434649527	0.4299714040884834
1.877947523050702	0.4299608920254244
1.880040102636451	0.42994290210140407
1.8821326822222004	0.4299174174005174
1.8842252618079496	0.42988442134297555
1.8863178413936987	0.42984389768536546
1.888410420979448	0.42979583052088344
1.890503000565197	0.4297402042795654
1.8925955801509464	0.42967700372849765
1.8946881597366956	0.42960621397200827
1.8967807393224447	0.4295278204518557
1.898873318908194	0.42944180894739087
1.9030584780796924	0.42924687679179474
1.9051510576654416	0.4291379293886355
1.9072436372511907	0.42902131049734094
1.911428796422689	0.4287650084659161
1.9135213760084382	0.4286253012793718
1.9156139555941873	0.42847787451198005
1.9197991147656859	0.4281598178644579
1.9218534296315735	0.427992356799857
1.9239077444974608	0.427817414936176
1.9280163742292356	0.4274450519140227
1.930070689095123	0.4272476130925915
1.9321250039610105	0.4270426581460644
1.9362336336927854	0.42661016800820656
1.9382879485586728	0.4263826176672709
1.9403422634245604	0.4261475209018347
1.9444508931563353	0.4256546612506686
1.9526681526198852	0.4245781070960457
1.9547224674857726	0.424290012790078
1.9567767823516602	0.42399432651227986
1.9608854120834351	0.4233801612113035
1.969102671546985	0.42206055928706376
1.9711569864128724	0.42171162667674494
1.97321130127876	0.4213550765373376
1.977319931010535	0.42061911679954334
1.9855371904740848	0.41905572872375946
1.9875915053399722	0.4186458229418799
1.9896458202058596	0.418228293926489
1.9937544499376345	0.41737036919869897
2.001971709401184	0.41556309114517187
2.018406228328284	0.41158338242693104
2.0204605431941713	0.411051756879601
2.0225148580600587	0.4105125554617137
2.026623487791834	0.409411447426255
2.0348407472553838	0.40711858414196345
2.0512752661824836	0.4021719062422437
2.053191137991341	0.4015640704934033
2.055107009800199	0.40094975278570555
2.058938753417914	0.3997017048165112
2.066602240653345	0.3971282040992836
2.081929215124206	0.3916737282147309
2.112583164065929	0.3795548861897544
2.114499035874787	0.37874479351317514
2.1164149076836445	0.3779285889686201
2.1202466513013603	0.37627790430143626
2.127910138536791	0.37290386388143626
2.143237113007652	0.36586871223517226
2.1738910619493748	0.3506815905934119
2.175969025712707	0.3495996612686037
2.178046989476039	0.3485112183741795
2.182202917002703	0.34631489895623
2.190514772056031	0.3418452884624017
2.207138482162687	0.3326044797003145
2.2403859023759995	0.31296992626494374
2.306880742802624	0.2695610757173288
2.3088202635089266	0.2682210129876322
2.3107597842152288	0.26687713228180987
2.314638825627833	0.2641780444353353
2.322396908453042	0.2587354616387177
2.3379130741034597	0.24767994648014338
2.368945405404295	0.22494709311297717
2.4310100680059663	0.1774892526640437
2.5655132782956667	0.07052201348684689
2.697567546514215	-0.03017864261715735
2.6994924513981005	-0.03155765482247603
2.7014173562819854	-0.032933324595410304
2.7052671660497554	-0.03567450825272592
2.7129667855852952	-0.04111535677167398
2.728366024656376	-0.05182389207525742
2.7591645027985363	-0.07249288702384502
2.7610894076824213	-0.07374944074584149
2.7630143125663063	-0.07500166908144837
2.766864122334076	-0.07749303348646211
2.7745637418696165	-0.08242258656937732
2.7899629809406967	-0.09206262945300057
2.820761459082857	-0.11041711466522999
2.822848455921217	-0.11161415546703016
2.824935452759576	-0.11280508279316441
2.829109446436295	-0.1151684682537894
2.8374574337897323	-0.11982047085585062
2.8541534084966074	-0.12881841935489122
2.8562404053349666	-0.12991387530914172
2.858327402173326	-0.1310027233552031
2.8625013958500447	-0.1331604784721505
2.870849383203482	-0.13739541448760784
2.887545357910357	-0.1455366654150921
2.8896323547487164	-0.14652297693749727
2.891719351587076	-0.14750223345614652
2.8958933452637945	-0.14943947643633132
2.9042413326172323	-0.15322815784427904
2.920937307324107	-0.16045667435071495
2.954329256737857	-0.17347600655678058
2.956277810519187	-0.17417508836526327
2.958226364300516	-0.1748673743638776
2.9621234718631753	-0.1762314946273935
2.969917686988494	-0.1788774871257666
2.9855061172391304	-0.1838370875631869
2.98745467102046	-0.1844255931727445
2.9894032248017894	-0.18500706459843133
2.9933003323644485	-0.18614885104144924
3.001094547489767	-0.18834743057502923
3.0166829777404036	-0.19240181429233394
3.0186315315217334	-0.1928762453737395
3.0205800853030627	-0.19334344616714416
3.0244771928657217	-0.1942561137358052
3.0322714079910402	-0.1959942201958894
3.0342199617723695	-0.1964105151883363
3.0361685155536993	-0.19681949798896756
3.0400656231163588	-0.19761548929094191
3.047859838241677	-0.1991193201859644
3.0498083920230066	-0.1994768619411694
3.0517569458043363	-0.19982702049806375
3.0556540533669954	-0.20050515576725883
3.063448268492314	-0.20177248280397134
3.0653968222736436	-0.20207074164926633
3.067345376054973	-0.20236155726949284
3.071242483617632	-0.20292083209658227
3.0790366987429505	-0.20394977861236535
3.0809469878044187	-0.20418370084824244
3.0828572768658864	-0.20441042235035106
3.086677854988822	-0.2048422431592742
3.0885881440502896	-0.20504733287015414
3.0904984331117573	-0.20524520265555982
3.094319011234693	-0.20561926502449343
3.0962293002961614	-0.205795449297139
3.098139589357629	-0.20596439702269007
3.1019601674805646	-0.2062805679803862
3.1038704565420323	-0.2064277841889935
3.1057807456035	-0.20656774980355105
3.109601323726436	-0.20682591697581898
3.111511612787904	-0.20694411279926905
3.113421901849372	-0.2070550465602465
3.1153321909108396	-0.20715871579492684
3.1172424799723073	-0.20725511820088713
3.119152769033775	-0.20734425163714482
3.1210630580952428	-0.20742611412419387
3.1229733471567105	-0.20750070384404168
3.1248836362181787	-0.20756801914023676
3.126793925279647	-0.2076280585179003
3.1287042143411146	-0.20768082064374951
3.1306145034025823	-0.20772630434612077
3.13252479246405	-0.20776450861499232
3.1344350815255178	-0.20779543260199687
3.1363453705869855	-0.20781907562044194
3.138255659648453	-0.20783543714531577
3.1401659487099214	-0.2078445168133011
3.1420762377713896	-0.20784631442277843
3.1439865268328573	-0.20784082993383146
3.145896815894325	-0.207828063468246
3.1478071049557927	-0.20780801530950796
3.1497173940172605	-0.2077806859028016
3.151627683078728	-0.2077460758549978
3.153537972140196	-0.20770418593464557
3.155448261201664	-0.20765501707195885
3.1573585502631323	-0.20759857035880006
3.1592688393246	-0.20753484704866224
3.1611791283860677	-0.20746384855664657
3.1630894174475355	-0.20738557645943903
3.164999706509003	-0.20730003249528137
3.166909995570471	-0.20720721856394425
3.170730573693407	-0.20699978920624876
3.172640862754875	-0.20688517838675954
3.1745511518163427	-0.20676330681374952
3.178371729939278	-0.20649779239590355
3.180282019000746	-0.20635415544861124
3.1821923080622136	-0.20620326954278384
3.1860128861851496	-0.2058797644234577
3.1879231752466177	-0.20570715239655482
3.1898334643080855	-0.20552730578418535
3.193654042431021	-0.2051459249464419
3.2012951986768923	-0.20429653482439378
3.2033675796928343	-0.20404628843468692
3.2054399607087767	-0.20378757106970072
3.2095847227406606	-0.20324475070527623
3.2178742468044295	-0.20205777089243623
3.219946627820372	-0.20173995859942176
3.222019008836314	-0.20141373567307658
3.2261637708681983	-0.20073609229198158
3.234453294931967	-0.1992802683585445
3.2365256759479095	-0.19889542239469815
3.2385980569638515	-0.19850224026494012
3.242742818995736	-0.19769090891460647
3.2510323430595047	-0.19596867995099418
3.267611391187042	-0.19212855694038078
3.269683772202984	-0.1916116901878429
3.2717561532189263	-0.19108667817211147
3.2759009152508103	-0.19001227365622336
3.284190439314579	-0.18776634184617153
3.3007694874421167	-0.18288935992492966
3.302841868458059	-0.1822439415147137
3.304914249474001	-0.1815906238303037
3.3090590115058856	-0.1802603595487062
3.3173485355696544	-0.17750580943044583
3.3339275836971916	-0.17162475063512186
3.3358615216561036	-0.1709067729290199
3.337795459615016	-0.17018217596109098
3.341663335532841	-0.16871319091854697
3.3493990873684907	-0.16569653177953506
3.36487059103979	-0.15935238872267388
3.395813598382388	-0.1454542820091122
3.3977475363413	-0.14453349021402426
3.3996814743002126	-0.14360668619970113
3.4035493502180376	-0.14173512724092932
3.411285102053687	-0.1379208136597887
3.4267566057249863	-0.13001238660850412
3.4576996130675846	-0.11311805097523675
3.4597956429809713	-0.1119235798788004
3.4618916728943576	-0.11072293382222147
3.466083732721131	-0.10830324814745164
3.474467852374678	-0.10339123159075661
3.491236091681772	-0.09328419491968457
3.5247725702959603	-0.07200097548411862
3.5918455275243355	-0.025694522626876173
3.7235424999099345	0.07518582692023629
3.846379116645627	0.17295326564192587
3.8484605307365967	0.17458378085787188
3.850541944827566	0.17621249079566287
3.854704773009505	0.17946431323588818
3.8630304293733833	0.18594430037288978
3.87968174210114	0.1987995519230979
3.9129843675566525	0.22401139721843985
3.9795896184676773	0.27182200180508437
3.981532589501617	0.2731539841712264
3.983475560535557	0.2744820178487684
3.987361502603436	0.2771261133573162
3.9951333867391954	0.2823655432212035
4.010677155010713	0.29264247160254403
4.041764691553749	0.31233525367019477
4.043707662587689	0.3135258933585417
4.045650633621628	0.3147116413158992
4.049536575689508	0.31706835359745544
4.057308459825267	0.32172189314966504
4.072852228096785	0.33078356016886146
4.103939764639821	0.347880461559661
4.105844470953899	0.3488818322989352
4.107749177267976	0.3498777451596359
4.111558589896132	0.35185311535246777
4.1191774151524445	0.355737469924051
4.134415065665069	0.3632362716591024
4.136319771979147	0.36414795099150526
4.138224478293225	0.36505386501653947
4.142033890921381	0.36684832651405147
4.149652716177693	0.3703672991460122
4.164890366690317	0.3771217256539865
4.166795073004395	0.37793913922514644
4.168699779318473	0.3787505265506893
4.172509191946629	0.38035516387881246
4.180128017202941	0.38349149004767136
4.195365667715565	0.38946932028761483
4.225840968740814	0.4002241675503223
4.227907767009366	0.40089475893217136
4.229974565277918	0.40155781737660556
4.234108161815023	0.40286129413385735
4.242375354889233	0.4053774145006032
4.258909741037652	0.41004439286164185
4.2609765393062045	0.4105933758468477
4.263043337574756	0.41113469535259556
4.267176934111861	0.41219432189915384
4.27544412718607	0.41422138816409215
4.291978513334489	0.4179059374122096
4.294045311603041	0.41833180760059535
4.2961121098715935	0.41874996211197135
4.300245706408699	0.41956312198460566
4.308512899482908	0.42109684795919305
4.310579697751461	0.42146099336162396
4.312646496020013	0.42181742706139497
4.316780092557117	0.42250716736062616
4.325047285631326	0.4237942134351117
4.327114083899879	0.42409673687182403
4.329180882168431	0.4243915729052199
4.333314478705535	0.42495820097950887
4.335381276974088	0.425230002929718
4.337448075242641	0.425494137295661
4.341581671779745	0.42599942662038104
4.343648470048297	0.42624059405449477
4.34571526831685	0.42647411885533526
4.349848864853955	0.4269182690422735
4.358116057928164	0.42771518916455
4.360044413139687	0.42788359422182687
4.36197276835121	0.4280454025492229
4.365829478774255	0.42834926039290405
4.367757833985777	0.42849132620867225
4.369686189197299	0.4286268278935333
4.373542899620345	0.428878174154465
4.375471254831868	0.42899403698264893
4.3773996100433905	0.42910337218409506
4.379327965254912	0.42920618949486183
4.381256320466435	0.42930249889492633
4.383184675677958	0.42939231060812344
4.38511303088948	0.42947563510207737
4.387041386101003	0.4295524830881245
4.3889697413125255	0.429622865521227
4.390898096524048	0.42968679359987794
4.392826451735571	0.4297442787659978
4.394754806947093	0.4297953327048183
4.396683162158616	0.4298399673447668
4.398611517370139	0.4298781948573301
4.4005398725816605	0.42991002765691716
4.402468227793183	0.42993547840071045
4.404396583004706	0.42995455998850873
4.406324938216229	0.4299672855625595
4.408253293427752	0.42997366850738467
4.4101816486392735	0.4299737224495949
4.412110003850796	0.42996746125769747
4.414038359062319	0.42995489904189377
4.415966714273841	0.429936050153865
4.417895069485364	0.4299109291865557
4.419823424696887	0.42987955097394104
4.421751779908409	0.4298419305907894
4.423680135119932	0.4297980833524136
4.425608490331454	0.4297480248144156
4.427536845542977	0.4296917707724186
4.4294652007545	0.4296293372617924
4.431393555966022	0.4295607405573705
4.435250266389067	0.42940512386201274
4.43717862160059	0.42931813761536985
4.439106976812113	0.42922505566288205
4.442963687235157	0.42902067474818295
4.44489204244668	0.4289094114334395
4.446820397658202	0.42879212370708164
4.450677108081248	0.4285395489184061
4.4526054632927705	0.42840429939543523
4.454533818504293	0.42826310053876204
4.458390528927338	0.427962932490058
4.460318884138861	0.42780400271677593
4.462247239350383	0.4276392024464378
4.466103949773428	0.427292071820624
4.468032304984951	0.4271097827496454
4.469960660196474	0.42692170574967403
4.473817370619519	0.42652827308013697
4.481530791465609	0.42567290178578776
4.483621238631606	0.4254254965931417
4.485711685797603	0.4251714988918325
4.489892580129597	0.4246438439029699
4.498254368793584	0.42351073863200855
4.500344815959581	0.4232114342191472
4.502435263125578	0.4229057812632705
4.506616157457572	0.42227555756818397
4.51497794612156	0.42094035102431726
4.517068393287556	0.4205911680935489
4.519158840453553	0.4202359002016106
4.523339734785547	0.419507247038893
4.531701523449534	0.4179784503230949
4.54842510077751	0.41464297416498475
4.550515547943506	0.41420071255657653
4.552605995109504	0.41375294986319094
4.556786889441497	0.4128410771813474
4.565148678105485	0.4109530498553927
4.58187225543346	0.4069289539062766
4.615319410089411	0.39796482984199383
4.6172714141983775	0.3974068759679786
4.619223418307345	0.3968453228325048
4.623127426525279	0.39571157223728815
4.630935442961148	0.3934025776416038
4.646551475832885	0.3886274275909723
4.677783541576359	0.3785211418080425
4.7402476730633065	0.3566966222672996
4.742161412452412	0.356005779905314
4.744075151841518	0.3553141162628756
4.747902630619728	0.3539285008002711
4.755557588176149	0.3511493507514717
4.770867503288993	0.3455692977596721
4.801487333514679	0.334402314346641
4.803401072903784	0.3337072642397
4.80531481229289	0.33301282537269195
4.8091422910711	0.33162596299593716
4.8167972486275215	0.3288615721521577
4.832107163740364	0.32338031666350386
4.86272699396605	0.3126894637732893
4.86480282530963	0.311981322676035
4.86687865665321	0.3112756163672243
4.871030319340369	0.3098717387318598
4.879333644714688	0.3070957347948974
4.895940295463326	0.3016835726931137
4.8980161268069065	0.3010212757366727
4.900091958150486	0.30036232882826763
4.904243620837645	0.29905471130117056
4.912546946211964	0.29648215914261616
4.929153596960601	0.2915203219583955
4.9312294283041815	0.2909183567339164
4.933305259647761	0.290320634024331
4.9374569223349205	0.2891381351174825
4.945760247709239	0.28682644848200045
4.962366898457876	0.28242839925563257
4.964442729801457	0.2819008075759902
4.966518561145036	0.28137831728700163
4.970670223832196	0.2803488499856886
4.978973549206514	0.2783534222518945
4.9955801999551515	0.2746280679289962
4.997517588241701	0.2742174215081739
4.999454976528251	0.2738119254498749
5.003329753101351	0.27301654434221495
5.0110793062475505	0.27148933635269173
5.0130166945341	0.27112100414280305
5.01495408282065	0.270758137786675
5.01882885939375	0.2700489571124258
5.02657841253995	0.26869787521593663
5.028515800826501	0.2683743423548127
5.03045318911305	0.26805657958954116
5.034327965686151	0.2674385129377334
5.04207751883235	0.2662732444905808
5.0440149071189	0.265996903052351
5.04595229540545	0.26572662382958173
5.04982707197855	0.26520439430583287
5.057576625124749	0.26423423533711754
5.059514013411299	0.26400737742219904
5.061451401697849	0.26378686086891784
5.065326178270949	0.26336498738862624
5.067263566557498	0.26316369768762793
5.069200954844049	0.2629688837971422
5.073075731417148	0.2625988154692659
5.075013119703698	0.26242362648234147
5.076950507990248	0.2622550442037692
5.080825284563348	0.26193782817391376
5.082762672849897	0.2617892580480742
5.084700061136448	0.26164742187843804
5.088574837709547	0.2613840760930076
5.090512225996097	0.26126262822908874
5.092449614282647	0.2611480378221509
5.0943870025691975	0.2610403351507153
5.096324390855747	0.26093955025168597
5.098261779142296	0.26084571291889275
5.100199167428847	0.26075885270163984
5.102136555715397	0.26067899890326046
5.1040739440019465	0.2606061805796841
5.106011332288496	0.26054042653800935
5.107948720575046	0.2604817653350839
5.1098861088615966	0.2604302252760958
5.111823497148146	0.2603858344131717
5.113760885434696	0.2603486205439831
5.115698273721247	0.26031861121036215
5.117635662007796	0.260295833696925
5.119573050294346	0.2602803150297055
5.1216725305353705	0.26027172426633816
5.1237720107763955	0.2602717229288748
5.12587149101742	0.26028034437049624
5.127970971258444	0.2602976215800584
5.130070451499468	0.2603235871801195
5.132169931740492	0.2603582734249799
5.134269411981516	0.260401712198738
5.13636889222254	0.2604539350133615
5.1384683724635645	0.2605149730067748
5.140567852704589	0.2605848569409578
5.142667332945614	0.2606636172000644
5.144766813186638	0.26075128378855505
5.146866293427662	0.26084788632934236
5.148965773668687	0.26095345406195747
5.153164734150735	0.2611916001329713
5.155264214391759	0.26132423501721147
5.157363694632783	0.26146594818140073
5.161562655114832	0.26177671813807046
5.163662135355856	0.26194582833788677
5.16576161559688	0.26212412362889226
5.169960576078929	0.26250837191998244
5.172060056319953	0.26271437513401863
5.174159536560978	0.2629296638638514
5.1783584970430265	0.26338819384667056
5.186756418007123	0.26441771283346094
5.188855898248147	0.2646986519323411
5.190955378489171	0.2649890578189277
5.19515433897122	0.26559835270865945
5.203552259935317	0.2669314306509072
5.205651740176341	0.2672886626654008
5.207751220417366	0.2676555159854483
5.211950180899414	0.2684181556998925
5.220348101863511	0.27005962734196987
5.222447582104535	0.27049429271354536
5.224547062345559	0.27093870643806056
5.2287460228276075	0.2718568341722019
5.237143943791705	0.2738106526342552
5.253939785719899	0.2781910624670435
5.256001001241062	0.27877224333515754
5.258062216762224	0.27936298342285637
5.262184647804549	0.28057316640343005
5.270429509889199	0.28310849582545916
5.286919234058499	0.2886398677816164
5.288980449579661	0.2893745245594627
5.291041665100824	0.29011879157425013
5.295164096143148	0.29163615399830406
5.303408958227799	0.29478615189703333
5.319898682397099	0.3015465499263282
5.321959897918262	0.30243467040552047
5.324021113439424	0.30333234133024023
5.328143544481749	0.3051563042665887
5.3363884065664	0.3089184781759746
5.3528781307357	0.3168975589964418
5.3858575790743	0.33465068341990717
5.387780351538433	0.33575847709830253
5.3897031240025655	0.3368741858955646
5.393548668930832	0.33912927901296797
5.401239758787362	0.34373366017269313
5.416621938500423	0.3533148709712037
5.447386297926547	0.3739280936187499
5.4493090703906795	0.37527894268506456
5.4512318428548125	0.37663699056068717
5.455077387783078	0.3793745719625097
5.462768477639609	0.38493488463973585
5.478150657352671	0.3963895105563733
5.508915016778795	0.4205779337064989
5.510999881197402	0.42227624112917683
5.513084745616009	0.42398179421587595
5.517254474453224	0.4274144478027181
5.525593932127652	0.43436459617682655
5.542272847476508	0.4485931539962138
5.575630678174221	0.4782695880752399
5.642346339569648	0.5416772727201026
5.766917306710594	0.6681013929873972
5.889039331780388	0.7895386450769974
5.891109580376578	0.7914869751474406
5.893179828972768	0.7934301392698297
5.897320326165148	0.7973006836755498
5.905601320549907	0.8049766436771059
5.922163309319426	0.8200522370453072
5.955287286858464	0.8489740687320376
5.957357535454654	0.8507224585644123
5.959427784050844	0.8524634827572553
5.963568281243224	0.85592317359755
5.971849275627983	0.8627513147504157
5.988411264397502	0.8760283706473577
6.02153524193654	0.9009551962432799
6.0234670474757	0.9023380765639548
6.025398853014861	0.9037128488834275
6.029262464093181	0.9064378880418393
6.036989686249821	0.9117886884596474
6.052444130563101	0.9220833500742254
6.054375936102261	0.9233311962708114
6.0563077416414215	0.9245702390889422
6.060171352719742	0.9270217502801797
6.0678985748763825	0.9318173406112842
6.083353019189663	0.940969961652884
6.085284824728824	0.942072177012794
6.087216630267983	0.9431649653890815
6.091080241346303	0.9453221157276055
6.0988074635029434	0.9495217097788916
6.114261907816225	0.95745432651678
6.1161937133553845	0.9584015115345972
6.118125518894545	0.9593387241164418
6.1219891299728655	0.9611831068459904
6.129716352129505	0.9647508451601094
6.145170796442786	0.9713956343232186
6.147327271169481	0.9722701911172528
6.149483745896177	0.9731317418817483
6.153796695349569	0.9748156817354633
6.162422594256352	0.9780259399304846
6.1645790689830475	0.9787954699265085
6.166735543709743	0.9795517208371974
6.171048493163135	0.9810242592777062
6.179674392069918	0.9838086307988408
6.181830866796614	0.984471072427982
6.183987341523309	0.9851199971776446
6.188300290976701	0.9863771877802819
6.196926189883484	0.9887282072718612
6.19908266461018	0.9892817838053245
6.2012391393368755	0.9898216416902663
6.2055520887902675	0.9908601114706617
6.214177987697051	0.992771468988626
6.216334462423746	0.9932146942436106
6.218490937150442	0.9936440357543505
6.222803886603834	0.9944609960028784
6.224960361330529	0.9948485804273631
6.227116836057226	0.9952222124827217
6.231429785510617	0.9959275572876984
6.233586260237312	0.9962592404031549
6.235742734964008	0.9965769118826494
6.2400556844174	0.997170167127269
6.2422121591440956	0.997445725961204
6.244368633870792	0.9977072232980535
6.248681583324183	0.998187990108354
6.250838058050879	0.998407239373643
6.252994532777574	0.998612386726536
6.255151007504271	0.9988034235430924
6.257307482230966	0.9989803417922345
6.259463956957662	0.9991431340361601
6.261620431684358	0.9992917934307075
6.263776906411054	0.9994263137257046
6.265933381137749	0.999546689265281
6.268089855864445	0.9996529149881546
6.2702463305911404	0.9997449864278868
6.272402805317836	0.9998228997131015
6.274559280044532	0.9998866515676844
6.276715754771227	0.9999362393109505
6.278872229497923	0.9999716608577719
6.281028704224619	0.9999929147186865
6.283185178951315	0.9999999999999744