theta freq
1.2822827157509358e-7	0.9999999999998351
0.0019271655319089223	0.9999628666528324
0.0038542028355462695	0.999851479336267
0.005781240139183617	0.9996658465756305
0.007708277442820964	0.9994059825790641
0.00963531474645831	0.999071907236195
0.011562352050095658	0.9986636461165335
0.013489389353733006	0.9981812304673964
0.015416426657370353	0.9976246972113761
0.0173434639610077	0.9969940889433477
0.019270501264645048	0.9962894539270155
0.021197538568282395	0.9955108460910056
0.023124575871919743	0.9946583250244938
0.02505161317555709	0.9937319559723709
0.026978650479194437	0.9927318098299641
0.030832725086469132	0.9905104980728473
0.03275976239010648	0.9892895024469587
0.034686799693743824	0.9879950696946619
0.03854087430101852	0.9851862946286518
0.04046791160465586	0.9836721672381464
0.04239494890829321	0.9820850325502313
0.04624902351556791	0.9786922325983762
0.04817606081920525	0.9768868269134263
0.0501030981228426	0.9750089330680203
0.0539571727301173	0.971036261073587
0.06166532194466669	0.9622277500276311
0.06359235924830403	0.9598467703344422
0.06551939655194139	0.9573946058723031
0.06937347115921608	0.952277478172199
0.07708162037376547	0.9411976189902543
0.07900865767740281	0.9382527142996167
0.08093569498104017	0.9352382759033885
0.08478976958831486	0.9290017249643281
0.09249791880286425	0.9157047100216285
0.09442495610650159	0.9122102819527463
0.09635199341013895	0.9086483103613225
0.10020606801741364	0.901322830219808
0.10791421723196302	0.8858736626996551
0.1233305156610618	0.8518502402988589
0.12541964491917348	0.8469258849512088
0.12750877417728518	0.8419280033906059
0.13168703269350854	0.8317134605575662
0.14004354972595529	0.8104222101363757
0.15675658379084878	0.7644999866991325
0.15884571304896047	0.7584565439163586
0.16093484230707217	0.7523474994424748
0.16511310082329553	0.739934797577243
0.17346961785574228	0.7143466057296891
0.19018265192063574	0.6602490104315298
0.19227178117874744	0.6532246496019385
0.1943609104368591	0.6461440912159798
0.1985391689530825	0.6318169140737321
0.2068956859855292	0.6025163121096837
0.2236087200504227	0.5414779186017519
0.2570347881802097	0.4108911011882029
0.2589854743812916	0.40296709618937065
0.26093616058237346	0.3950135004428803
0.26483753298453727	0.37901999623902866
0.2726402777888649	0.34670506734425643
0.28824576739752006	0.2809037381798487
0.3194567466148305	0.14575766646510374
0.3818787050494512	-0.12937565124830624
0.3837911265306714	-0.1377340502662146
0.3857035480118915	-0.14608116406451388
0.3895283909743318	-0.162739116798479
0.3971780768992124	-0.19589305684767205
0.41247744874897363	-0.2614192983796233
0.4430761924484961	-0.3882972065752075
0.4449886139297162	-0.3960018281025668
0.4469010354109364	-0.4036766101178874
0.45072587837337674	-0.4189344776433581
0.4583755642982573	-0.44906832797395657
0.4736749361480186	-0.507690014569384
0.504273679847541	-0.6174418020449779
0.5063481932832354	-0.6244836982927606
0.50842270671893	-0.6314716483716802
0.512571733590319	-0.645283453867678
0.520869787333097	-0.6722351880102024
0.5374658948186528	-0.723331711424413
0.5395404082543473	-0.729445634752038
0.5416149216900418	-0.7354972184322682
0.5457639485614307	-0.7474114671275539
0.5540620023042088	-0.7704713253951672
0.5706581097897647	-0.8134178740727739
0.5727326232254593	-0.8184805763847232
0.5748071366611537	-0.8234740474088241
0.5789561635325426	-0.8332517925384446
0.5872542172753207	-0.8519603375828538
0.5893287307110151	-0.8564589871614001
0.5914032441467096	-0.860885569105772
0.5955522710180987	-0.869521237355622
0.6038503247608766	-0.8859139177177653
0.6059248381965712	-0.8898273061756037
0.6079993516322656	-0.8936662165791024
0.6121483785036546	-0.9011195270475739
0.6204464322464326	-0.9151209583509687
0.622520945682127	-0.918431326345538
0.6245954591178215	-0.9216652431809628
0.6287444859892106	-0.9279028686483715
0.6370425397319885	-0.9394516956145191
0.6389786101106533	-0.9419675151411431
0.640914680489318	-0.9444154262967559
0.6447868212466474	-0.9491070088998457
0.6467228916253122	-0.9513504364665044
0.6486589620039769	-0.9535254679112221
0.6525311027613062	-0.9576699138174064
0.6544671731399709	-0.9596391274341118
0.6564032435186355	-0.9615395432464532
0.660275384275965	-0.965133639081509
0.6622114546546297	-0.9668271614090738
0.6641475250332944	-0.9684515705454626
0.6680196657906239	-0.9714927932567248
0.6699557361692886	-0.9729094923418351
0.6718918065479533	-0.9742568492561201
0.6738278769266179	-0.9755348202578665
0.6757639473052827	-0.9767433670049435
0.6777000176839474	-0.9778824565531653
0.679636088062612	-0.9789520613542102
0.6835082288199414	-0.9808827334851453
0.6854442991986062	-0.9817437726726664
0.6873803695772709	-0.9825352708209691
0.6893164399559356	-0.9832572273140965
0.6912525103346003	-0.9839096469100492
0.6931885807132651	-0.9844925397355737
0.6951246510919298	-0.9850059212805006
0.6970607214705944	-0.9854498123916555
0.6989967918492591	-0.9858242392663072
0.7009328622279238	-0.9861292334451894
0.7028689326065884	-0.9863648318050751
0.7048050029852532	-0.9865310765509124
0.7067410733639179	-0.986628015207521
0.7086771437425826	-0.9866557006108511
0.7106132141212473	-0.9866141908988076
0.7125492844999121	-0.9865035495016293
0.7144853548785768	-0.9863238451318534
0.7164214252572415	-0.9860751517738203
0.7183574956359062	-0.9857575486727682
0.7202935660145708	-0.9853711203234847
0.7222296363932356	-0.9849159564585304
0.7241657067719003	-0.9843921520360387
0.7261017771505649	-0.9837998072270835
0.7280378475292296	-0.9831390274026223
0.7299739179078943	-0.982409923120018
0.7319099882865591	-0.9816126101091315
0.7338460586652238	-0.9807472092579992
0.7357821290438885	-0.9798138465980859
0.7377181994225532	-0.9788126532891255
0.739654269801218	-0.977743765603535
0.7415903401798827	-0.9766073249104259
0.745462480937212	-0.9741323753626833
0.7473985513158767	-0.9727941745799895
0.7493346216945413	-0.9713890368987911
0.7532067624518708	-0.9683786222258872
0.7609510439665297	-0.9615622138237059
0.7630492062996688	-0.9595340321079943
0.7651473686328077	-0.9574289844105683
0.7693436932990858	-0.9529893495146202
0.777736342631642	-0.9431997017745781
0.779834504964781	-0.9405643251802022
0.7819326672979201	-0.9378543706925023
0.7861289919641983	-0.9322119954011417
0.7945216412967544	-0.9200466060284336
0.7966198036298935	-0.9168237875818538
0.7987179659630325	-0.9135290895874784
0.8029142906293105	-0.9067255216639255
0.8113069399618668	-0.8922723018321848
0.8280922386269791	-0.8600712901570332
0.8301904009601182	-0.8557455307265841
0.8322885632932572	-0.851354436426069
0.8364848879595352	-0.8423780752433532
0.8448775372920915	-0.8236617814911663
0.8616628359572038	-0.7832841415242113
0.8637609982903429	-0.7779707072715836
0.8658591606234819	-0.7725998534905317
0.87005548528976	-0.7616880332744691
0.8784481346223161	-0.7391992097213094
0.8952334332874284	-0.6916865025648289
0.8972933309007058	-0.6856338628997869
0.8993532285139831	-0.6795346078259283
0.9034730237405377	-0.6671985234140958
0.9117126141936469	-0.6419921396857704
0.9281917950998653	-0.5895736906445375
0.961150156912302	-0.477798913696609
1.0270668805371757	-0.2355820271461861
1.0289883350934232	-0.22831093243066125
1.0309097896496706	-0.2210343450482451
1.0347526987621656	-0.20646681249208282
1.0424385169871557	-0.17728912790195306
1.0578101534371358	-0.11888121354705694
1.088553426337096	-0.002786209089931324
1.0904748808933435	0.004401623727555315
1.092396335449591	0.011578433914421149
1.0962392445620859	0.025897012426549293
1.103925062787076	0.05438028662625699
1.119296699237056	0.11062321727941621
1.1500399721370163	0.21937911552889472
1.152123518647738	0.2265350562214988
1.15420706515846	0.23366066543995534
1.1583741581799036	0.24781875865645894
1.166708344222791	0.275747755140361
1.1833767163085658	0.3299429905435724
1.1854602628192876	0.33655190336727747
1.1875438093300095	0.34312244978197914
1.1917109023514532	0.35614658968443036
1.2000450883943405	0.3817143447782561
1.2167134604801153	0.43083009043841347
1.2187970069908372	0.4367720630264633
1.220880553501559	0.4426688143355582
1.2250476465230027	0.45432511447521495
1.23338183256589	0.47707842598403416
1.2500502046516648	0.5202685082976268
1.2521337511623867	0.5254435748334294
1.2542172976731085	0.5305678809644392
1.2583843906945522	0.5406630173391123
1.2667185767374396	0.5602313359444506
1.2833869488232146	0.5968204786377733
1.2853320522769067	0.6008645007080462
1.2872771557305986	0.6048607010502474
1.291167362637983	0.6127089578919134
1.298947776452751	0.6278243915823686
1.3008928799064432	0.6314813045745733
1.3028379833601353	0.6350891528923579
1.3067281902675194	0.6421571178580383
1.3145086040822878	0.655698605517526
1.3164537075359797	0.6589594545787778
1.3183988109896718	0.6621702788489965
1.3222890178970559	0.6684414572072778
1.3300694317118242	0.6803794109549361
1.3456302593413607	0.7018212512315165
1.3475753627950526	0.7042721784374655
1.3495204662487448	0.7066720113525975
1.3534106731561288	0.7113182813367045
1.3611910869708972	0.7199966921833203
1.3631361904245893	0.7220382885377499
1.3650812938782813	0.7240286782171752
1.3689715007856655	0.7278558639402968
1.3767519146004337	0.7348962868600872
1.3786970180541256	0.7365286254516556
1.3806421215078177	0.7381099218592062
1.3845323284152018	0.7411195514401528
1.386477431868894	0.7425479768340469
1.388422535322586	0.7439255444589237
1.3923127422299701	0.7465283370285543
1.3942578456836623	0.747753687713195
1.3962029491373542	0.7489284320796665
1.4000931560447385	0.751126398897708
1.4020382594984304	0.7521497801458306
1.4039833629521226	0.7531228726370983
1.4078735698595066	0.7549185538125323
1.409780408593337	0.7557256294075068
1.4116872473271673	0.7564847411527591
1.4135940860609977	0.7571959885274987
1.415500924794828	0.7578594746888236
1.4174077635286584	0.758475306454982
1.4193146022624887	0.7590435942883234
1.421221440996319	0.7595644522779621
1.4231282797301492	0.7600379981221358
1.4250351184639793	0.7604643531102713
1.4269419571978097	0.7608436421047557
1.42884879593164	0.7611759935224167
1.4307556346654704	0.761461539315716
1.4326624733993008	0.7617004149536493
1.434569312133131	0.7618927594023666
1.4364761508669615	0.7620387151055075
1.4383829896007918	0.7621384279642541
1.4402898283346222	0.7621920473171027
1.4421966670684525	0.7621997259193667
1.4441035058022829	0.7621616199223951
1.446010344536113	0.7620778888525235
1.4479171832699431	0.7619486955897525
1.4498240220037735	0.761774206346163
1.4517308607376038	0.7615545906440596
1.4536376994714342	0.7612900212938483
1.4555445382052645	0.7609806743716632
1.4574513769390949	0.7606267291967264
1.4593582156729252	0.760228368308449
1.4612650544067556	0.7597857774432863
1.463171893140586	0.7592991455113332
1.4650787318744163	0.7587686645726747
1.4688924093420768	0.75757693952189
1.470799248075907	0.7569160950635764
1.4727060868097372	0.7562122008571694
1.476519764277398	0.7546760959898641
1.4784266030112283	0.7538443092059783
1.4803334417450587	0.7529703203771392
1.4841471192127194	0.7510966167078212
1.4860539579465497	0.7500973491534608
1.48796079668038	0.7490567740737031
1.4917744741480405	0.7468526271266707
1.4994018290833617	0.7419589815479106
1.501308667817192	0.7406358693122133
1.5032155065510224	0.7392733722425444
1.5070291840186831	0.7364312354973339
1.5146565389540043	0.7302856172562577
1.5165633776878344	0.7286546336133904
1.5184702164216648	0.7269863541721977
1.5222838938893255	0.7235389985954654
1.529911248824647	0.7162088647580545
1.5319801795129515	0.7141222943930652
1.5340491102012561	0.7119944845483976
1.5381869715778655	0.7076166320330128
1.5464626943310842	0.6983825542880585
1.5630141398375215	0.6780876378958984
1.565083070525826	0.6753872502123629
1.5671520012141307	0.6726518741762783
1.57128986259074	0.6670778038706678
1.5795655853439587	0.6555280336521077
1.596117030850396	0.6309167191760465
1.5981859615387006	0.6277069511008777
1.6002548922270052	0.6244689988781444
1.6043927536036147	0.6179102989620497
1.6126684763568333	0.6044740858918043
1.6292199218632706	0.576426264511925
1.662322812876145	0.5164381230640752
1.6642533005074198	0.5128094399130594
1.6661837881386945	0.5091687578249381
1.6700447634012443	0.501852874715765
1.677766713926344	0.48709336140232545
1.6932106149765427	0.4571456326733478
1.7240984170769407	0.396185269529649
1.7260289047082156	0.39235336226908046
1.7279593923394905	0.38852097955993325
1.7318203676020403	0.38085616286903823
1.7395423181271397	0.3655358730490734
1.7549862191773387	0.3350078211139148
1.7858740212777366	0.27498080372518785
1.7879666008634858	0.27098771624925455
1.790059180449235	0.26700608068532306
1.7942443396207335	0.25907862112405977
1.8026146579637303	0.24337696361776506
1.819355294649724	0.21266409200171654
1.8528365680217114	0.15457297130279096
1.8549291476074605	0.15111068012560847
1.8570217271932097	0.14766981297481319
1.8612068863647082	0.14085334651622072
1.869577204707705	0.1274882287556997
1.8863178413936987	0.10187975308394775
1.9197991147656859	0.05549721882365066
1.9218534296315735	0.052872497086386194
1.9239077444974608	0.05027412330054104
1.9280163742292356	0.045156844899318205
1.9362336336927854	0.035242911148483935
1.9526681526198852	0.01671603783714609
1.9547224674857726	0.01452345532507704
1.9567767823516602	0.012358443087626791
1.9608854120834351	0.008111290481726985
1.969102671546985	-0.00005063037766889211
1.9855371904740848	-0.01504120203322995
1.9875915053399722	-0.01679000259986152
1.9896458202058596	-0.018511063427910313
1.9937544499376345	-0.02187006534445829
2.001971709401184	-0.028256509812274788
2.0040260242670715	-0.02978428390068477
2.006080339132959	-0.031284620489399506
2.010188968864734	-0.034203207105553024
2.018406228328284	-0.03971383287746322
2.0204605431941713	-0.04102387827120313
2.0225148580600587	-0.04230703841740441
2.026623487791834	-0.04479305160597602
2.0348407472553838	-0.04944649965828102
2.036895062121271	-0.05054408655920045
2.0389493769871585	-0.05161558223598778
2.0430580067189337	-0.05368076661667592
2.0512752661824836	-0.05750337490645974
2.053191137991341	-0.058336329931388264
2.055107009800199	-0.05914747573928725
2.058938753417914	-0.0607048082758882
2.0608546252267717	-0.06145123574354844
2.0627704970356295	-0.06217633543694473
2.066602240653345	-0.06356306098976094
2.0685181124622023	-0.0642249478674532
2.07043398427106	-0.06486602897034782
2.0742657278887755	-0.06608632309021573
2.081929215124206	-0.06828341930715831
2.0838450869330636	-0.06878282293729543
2.0857609587419215	-0.06926258165709659
2.089592702359637	-0.07016378936285195
2.0915085741684942	-0.07058555652800658
2.093424445977352	-0.07098831509876813
2.0972561895950674	-0.07173746734935266
2.099172061403925	-0.0720841969407125
2.1010879332127828	-0.07241258971664544
2.1030038050216406	-0.07272281899874222
2.104919676830498	-0.0730150602145293
2.106835548639356	-0.07328949087472153
2.108751420448214	-0.07354629055028467
2.112583164065929	-0.07400772539369244
2.114499035874787	-0.07421272979564425
2.1164149076836445	-0.07440084163400035
2.1183307794925024	-0.07457225043036253
2.1202466513013603	-0.07472714762506022
2.1221625231102177	-0.07486572655293655
2.1240783949190756	-0.07498818241896132
2.1259942667279335	-0.07509471227367653
2.127910138536791	-0.07518551498847426
2.1298260103456483	-0.07526079123070706
2.131741882154506	-0.07532074343864265
2.133657753963364	-0.07536557579625103
2.1355736257722215	-0.07539549420784303
2.137489497581079	-0.07541070627255009
2.139405369389937	-0.07541142125865302
2.1413212411987947	-0.0753978500777634
2.143237113007652	-0.07537020525885973
2.1451529848165096	-0.07532870092217675
2.1470688566253675	-0.07527355275295722
2.1489847284342254	-0.07520497797506648
2.150900600243083	-0.0751231953244681
2.1528164720519403	-0.0750284250225704
2.154732343860798	-0.0749208887494427
2.156648215669656	-0.07480080961690311
2.1585640874785135	-0.0746684121414839
2.160479959287371	-0.07452392221727566
2.162395831096229	-0.07436756708865039
2.166227574713944	-0.07402017678259265
2.1681434465228016	-0.07382960259823745
2.1700593183316594	-0.07362808514028474
2.1738910619493748	-0.07319315591870629
2.175969025712707	-0.07294004468195098
2.178046989476039	-0.07267519114815757
2.182202917002703	-0.07211147478821023
2.190514772056031	-0.07085660837264579
2.192592735819363	-0.07051815129839534
2.1946706995826952	-0.07017042311189642
2.198826627109359	-0.06944841309375466
2.207138482162687	-0.0679070572481853
2.2092164459260193	-0.06750330151279149
2.2112944096893514	-0.0670928210246009
2.2154503372160153	-0.06625297644238504
2.2237621922693434	-0.06450682866045954
2.2403859023759995	-0.06082180451431535
2.2424638661393317	-0.060349505405820514
2.244541829902664	-0.059875709881180794
2.2486977574293276	-0.05892494818863048
2.2570096124826557	-0.05701997389983976
2.273633322589312	-0.05326997743886208
2.275711286352644	-0.05281325025700229
2.277789250115976	-0.05236028440268553
2.28194517764264	-0.051466937842365224
2.290257032695968	-0.04973965554028742
2.2923349964593003	-0.049322093040014225
2.294412960222632	-0.04891087529356852
2.298568887749296	-0.048108749767872994
2.306880742802624	-0.046594611439096656
2.3088202635089266	-0.046260260326267455
2.3107597842152288	-0.04593361724535361
2.314638825627833	-0.045304463492659375
2.3165783463341354	-0.045002454471716136
2.3185178670404376	-0.0447091567264708
2.322396908453042	-0.044149686715173775
2.3243364291593442	-0.04388400748165999
2.3262759498656465	-0.04362802553207562
2.330154991278251	-0.04314612664596762
2.332094511984553	-0.04292069321431535
2.3340340326908553	-0.04270592402063306
2.3379130741034597	-0.04230933122365271
2.339852594809762	-0.04212798070643342
2.341792115516064	-0.04195824054486752
2.3437316362223664	-0.041800343807551876
2.3456711569286686	-0.04165452212484755
2.3476106776349708	-0.04152100566221406
2.349550198341273	-0.04140002309371804
2.351489719047575	-0.041291801575710385
2.3534292397538774	-0.041196566720680006
2.3553687604601796	-0.04111454257128616
2.357308281166482	-0.04104595157456914
2.359247801872784	-0.040991014556343686
2.3611873225790863	-0.04094995069578139
2.3631268432853885	-0.04092297750017426
2.3650663639916907	-0.04091031077989754
2.367005884697993	-0.040912164623554625
2.368945405404295	-0.040928751373327854
2.3708849261105973	-0.040960281600519066
2.3728244468168995	-0.041006964081294284
2.3747639675232017	-0.04106900577263073
2.376703488229504	-0.041146611788466625
2.378643008935806	-0.04123998537605977
2.3805825296421084	-0.041349327892556076
2.3825220503484106	-0.04147483878176911
2.384461571054713	-0.04161671555117258
2.386401091761015	-0.041775153749113225
2.388340612467317	-0.04195034694223693
2.3902801331736194	-0.04214248669314091
2.3922196538799216	-0.04235176253824452
2.394159174586224	-0.04257836196588877
2.396098695292526	-0.04282247039466064
2.3999777367051305	-0.043363945452729646
2.4019172574114327	-0.043661672378586924
2.403856778117735	-0.04397762885696771
2.4077358195303393	-0.04466492728760796
2.4096753402366415	-0.0450366121407218
2.4116148609429437	-0.04542721230826091
2.415493902355548	-0.04626581972903604
2.4174334230618504	-0.04671415185059202
2.4193729437681526	-0.04718204898538442
2.423251985180757	-0.048177162532888396
2.4310100680059663	-0.050408903906686175
2.4331116806667428	-0.05106985208224102
2.4352132933275197	-0.051755178719930184
2.4394165186490726	-0.053199661454503666
2.441518131309849	-0.05395915599028711
2.4436197439706255	-0.05474370581907556
2.4478229692921785	-0.05638860990260497
2.449924581952955	-0.057249274604878
2.4520261946137314	-0.058135615451850975
2.4562294199352848	-0.05998590717750768
2.464635870578391	-0.06400079886012688
2.4667374832391675	-0.06507076580178961
2.468839095899944	-0.06616747722016059
2.4730423212214974	-0.06844159738012667
2.4814487718646037	-0.07331566309812448
2.4982616731508163	-0.0843881771957786
2.5003632858115927	-0.08589795505362743
2.502464898472369	-0.08743588916203493
2.5066681237939226	-0.09059644276015166
2.515074574437029	-0.09725758575123902
2.5318874757232415	-0.11194701745193389
2.533989088384018	-0.11391168277935498
2.5360907010447944	-0.11590490779171181
2.5402939263663478	-0.11997699707306977
2.548700377009454	-0.12846322802846102
2.5655132782956667	-0.14679647368101256
2.5675766262365816	-0.14917048150676704
2.5696399741774965	-0.15157141555260928
2.573766670059326	-0.15645378148926256
2.582020061822985	-0.1665383320066347
2.5985268453503036	-0.18796624140741425
2.6315404124049406	-0.2356450616148715
2.6336037603458555	-0.2388283034872164
2.6356671082867704	-0.24203446631308995
2.6397938041686	-0.24851482215408896
2.6480471959322593	-0.2617423434424281
2.664553979459578	-0.2892194550782504
2.697567546514215	-0.3478596361916967
2.6994924513981005	-0.35141425814160665
2.7014173562819854	-0.35498244902331805
2.7052671660497554	-0.36215864179875434
2.7129667855852952	-0.37666389764119695
2.728366024656376	-0.4062334113700198
2.7591645027985363	-0.46716672754404653
2.820761459082857	-0.592392898094836
2.822848455921217	-0.5966318744596761
2.824935452759576	-0.6008667262491427
2.829109446436295	-0.6093225642956237
2.8374574337897323	-0.6261683236740314
2.8541534084966074	-0.6595124759991985
2.887545357910357	-0.7241443141234536
2.8896323547487164	-0.7280666340233247
2.891719351587076	-0.7319729839580412
2.8958933452637945	-0.7397363361913981
2.9042413326172323	-0.7550556506765271
2.920937307324107	-0.7847858062630568
2.954329256737857	-0.8400015934305385
2.956277810519187	-0.8430273554489061
2.958226364300516	-0.8460298361820424
2.9621234718631753	-0.8519639643564433
2.969917686988494	-0.8635420629862861
2.9855061172391304	-0.8854846211202259
2.98745467102046	-0.8881091915027729
2.9894032248017894	-0.8907067438386577
2.9933003323644485	-0.8958199312548022
3.001094547489767	-0.9057127175939946
3.0166829777404036	-0.9241184723327631
3.0186315315217334	-0.92628604541555
3.0205800853030627	-0.928423410640343
3.0244771928657217	-0.9326068030583923
3.0322714079910402	-0.9406033745812398
3.0342199617723695	-0.9425244064791727
3.0361685155536993	-0.9444138671342052
3.0400656231163588	-0.9480974417830482
3.047859838241677	-0.9550789214298749
3.0498083920230066	-0.956743082262596
3.0517569458043363	-0.9583744749394432
3.0556540533669954	-0.961538408521398
3.063448268492314	-0.9674671915411983
3.0653968222736436	-0.9688655110889057
3.067345376054973	-0.9702300397996634
3.071242483617632	-0.9728572665831288
3.0790366987429505	-0.9777013503307084
3.0809469878044187	-0.9788045185292767
3.0828572768658864	-0.9798744026741547
3.086677854988822	-0.9819139735847745
3.0885881440502896	-0.9828834944971352
3.0904984331117573	-0.9838193996651974
3.094319011234693	-0.9855900609580736
3.0962293002961614	-0.9864246730104466
3.098139589357629	-0.9872253811876831
3.1019601674805646	-0.9887248279845307
3.1038704565420323	-0.9894234445372221
3.1057807456035	-0.990087913092826
3.109601323726436	-0.9913141925607686
3.111511612787904	-0.9918759036019785
3.113421901849372	-0.9924032669135752
3.1153321909108396	-0.9928962395362875
3.1172424799723073	-0.9933547813091701
3.119152769033775	-0.9937788548735124
3.1210630580952428	-0.994168425676482
3.1229733471567105	-0.9945234619744926
3.1248836362181787	-0.9948439348362932
3.126793925279647	-0.9951298181457885
3.1287042143411146	-0.9953810886045865
3.1306145034025823	-0.9955977257342642
3.13252479246405	-0.9957797118783692
3.1344350815255178	-0.9959270322041288
3.1363453705869855	-0.9960396747039111
3.138255659648453	-0.9961176301963817
3.1401659487099214	-0.9961608923274036
3.1420762377713896	-0.9961694575706552
3.1439865268328573	-0.9961433252279792
3.145896815894325	-0.9960824974294413
3.1478071049557927	-0.9959869791331287
3.1497173940172605	-0.9958567781246654
3.151627683078728	-0.9956919050164563
3.153537972140196	-0.9954923732466484
3.155448261201664	-0.9952581990778239
3.1573585502631323	-0.9949894015954148
3.1592688393246	-0.9946860027058467
3.1611791283860677	-0.9943480271344001
3.1630894174475355	-0.993975502422799
3.164999706509003	-0.9935684589265362
3.166909995570471	-0.9931269298119059
3.170730573693407	-0.9921405614270916
3.172640862754875	-0.9915958025130738
3.1745511518163427	-0.9910167186851924
3.178371729939278	-0.9897557677406865
3.180282019000746	-0.9890740033139169
3.1821923080622136	-0.9883581193429888
3.1860128861851496	-0.9868242286763673
3.1879231752466177	-0.9860063468441438
3.1898334643080855	-0.9851545951825379
3.193654042431021	-0.9833497623660228
3.2012951986768923	-0.9793368918090155
3.2033675796928343	-0.9781564012902293
3.2054399607087767	-0.9769368006859187
3.2095847227406606	-0.9743807395579254
3.2178742468044295	-0.9688046767429418
3.219946627820372	-0.9673147785105671
3.222019008836314	-0.9657868064238161
3.2261637708681983	-0.9626172278580031
3.234453294931967	-0.9558278430830193
3.2365256759479095	-0.954037638602495
3.2385980569638515	-0.9522106268037238
3.242742818995736	-0.9484468809497403
3.2510323430595047	-0.9404855893421769
3.267611391187042	-0.9228713306296379
3.269683772202984	-0.9205149820998711
3.2717561532189263	-0.9181250114668004
3.2759009152508103	-0.9132451124641648
3.284190439314579	-0.9030920136491244
3.3007694874421167	-0.8812673325548285
3.3339275836971916	-0.8320190400480195
3.3358615216561036	-0.8289348757747106
3.337795459615016	-0.825828921802149
3.341663335532841	-0.8195526526789892
3.3493990873684907	-0.8067498117243492
3.36487059103979	-0.7802012845569158
3.395813598382388	-0.7238172480879684
3.4576996130675846	-0.6019825203853666
3.4597956429809713	-0.5977304841227682
3.4618916728943576	-0.5934741899925307
3.466083732721131	-0.5849503379078487
3.474467852374678	-0.5678681255328466
3.491236091681772	-0.5336496064189631
3.5247725702959603	-0.46565706818968833
3.526868600209347	-0.46145279316694765
3.5289646301227338	-0.457255958409551
3.5331566899495073	-0.44888598935097357
3.5415408096030543	-0.4322504135276116
3.558309048910148	-0.3994716319765459
3.5918455275243355	-0.3364547461722278
3.5939032927178607	-0.33271935591664453
3.5959610579113854	-0.32900079036371604
3.6000765882984354	-0.32161516258584616
3.608307649072535	-0.30705697550621136
3.6247697706207354	-0.2788470025708246
3.62682753581426	-0.27541023543381193
3.6288853010077853	-0.2719940885303541
3.6330008313948357	-0.26522450252711904
3.6412318921689355	-0.2519419193751047
3.657694013717135	-0.22644652983919272
3.6597517789106604	-0.22336344305089467
3.661809544104185	-0.22030399899835829
3.665925074491235	-0.2142566805698253
3.674156135265335	-0.20245262308133696
3.6906182568135346	-0.1800383445862038
3.69267602200706	-0.1773509711414533
3.6947337872005845	-0.1746894068252243
3.6988493175876345	-0.1694441240735137
3.7070803783617343	-0.15926767009900777
3.7235424999099345	-0.14018998635400468
3.7254618220464293	-0.13807765143081688
3.7273811441829245	-0.13598885685084558
3.731219788455915	-0.13188204016495594
3.738897077001896	-0.12395239999041249
3.7542516540938573	-0.10923396262169521
3.7561709762303526	-0.10750133066842857
3.758090298366848	-0.10579251951107774
3.7619289426398383	-0.10244633150442334
3.769606231185819	-0.09603933951600474
3.7849608082777806	-0.08436172465401523
3.786880130414276	-0.08300790469985947
3.788799452550771	-0.08167747029186159
3.7926380968237616	-0.07908655269890155
3.8003153853697422	-0.07418293215976296
3.802234707506237	-0.07301462552685967
3.8041540296427323	-0.07186922310630106
3.807992673915723	-0.0696468391165957
3.815669962461704	-0.06547356339566618
3.817589284598199	-0.06448631809765237
3.8195086067346944	-0.06352132471803557
3.823347251007685	-0.061657717863323025
3.8310245395536655	-0.05819324885568111
3.8329438616901603	-0.05738126223204498
3.8348631838266556	-0.056590709344084056
3.838701828099646	-0.0550734477291161
3.846379116645627	-0.05229096351469781
3.8484605307365967	-0.05159369153695664
3.850541944827566	-0.050920463257556
3.854704773009505	-0.049645453917863236
3.8567861871004747	-0.0490433227652583
3.8588676011914442	-0.04846453517374977
3.8630304293733833	-0.0473762551264707
3.8651118434643528	-0.046866386985121966
3.8671932575553223	-0.04637911108430276
3.8713560857372613	-0.04547155037194639
3.873437499828231	-0.04505086509090067
3.8755189139192003	-0.0446519711650768
3.87968174210114	-0.04391872334966462
3.8817631561921093	-0.043583945065888696
3.8838445702830793	-0.04327010940569409
3.885925984374049	-0.04297699692081669
3.8880073984650183	-0.04270438531487375
3.890088812555988	-0.04245204947301662
3.8921702266469573	-0.04221976149193751
3.894251640737927	-0.0420072907102329
3.8963330548288964	-0.0418144037391206
3.898414468919866	-0.04164086449350207
3.9004958830108354	-0.041486434223374224
3.902577297101805	-0.041350871545578705
3.9046587111927744	-0.04123393247588936
3.906740125283744	-0.04113537046143817
3.9088215393747134	-0.04105493641346575
3.910902953465683	-0.04099237874040379
3.9129843675566525	-0.040947443381277926
3.915065781647622	-0.04091987383943024
3.9171471957385915	-0.04090941121655817
3.919228609829561	-0.04091579424706493
3.9213100239205305	-0.04093875933271662
3.9233914380115	-0.04097804057760418
3.9254728521024695	-0.041033369823405996
3.927554266193439	-0.04110447668494477
3.9296356802844086	-0.04119108858603554
3.931717094375378	-0.04129293079562463
3.9337985084663476	-0.04140972646420915
3.935879922557317	-0.04154119666053707
3.9379613366482866	-0.04168706040858294
3.940042750739256	-0.04184703472479423
3.9421241648302257	-0.0420208346556038
3.9462869930121647	-0.042408761923591276
3.948368407103134	-0.042622309844830064
3.9504498211941037	-0.04284852462561567
3.9546126493760427	-0.04333777609862405
3.9566940634670122	-0.04360021914756523
3.9587754775579818	-0.04387414184823829
3.962938305739921	-0.0444552208086631
3.9650197198308903	-0.04476177045759028
3.96710113392186	-0.04507858661712594
3.971263962103799	-0.04574178890225328
3.9795896184676773	-0.04717778919712157
3.981532589501617	-0.04753227666758575
3.983475560535557	-0.047893555677443245
3.987361502603436	-0.04863545564964761
3.9951333867391954	-0.05018934999994512
4.010677155010713	-0.053518739380748026
4.041764691553749	-0.0605868328496566
4.043707662587689	-0.061027687812375275
4.045650633621628	-0.06146682048916291
4.049536575689508	-0.062338842400391725
4.057308459825267	-0.06405038755726267
4.059251430859207	-0.06446993860466627
4.061194401893147	-0.06488562034896311
4.065080343961026	-0.06570430853899267
4.072852228096785	-0.06728353742998805
4.074795199130725	-0.0676646852443708
4.076738170164665	-0.06803984173407335
4.080624112232544	-0.06877113066648882
4.088395996368304	-0.07015030141006984
4.090338967402243	-0.07047620340510335
4.092281938436183	-0.07079403324487155
4.096167880504062	-0.07140445175491539
4.103939764639821	-0.07251720471540168
4.105844470953899	-0.07276649449817263
4.107749177267976	-0.0730060869411035
4.111558589896132	-0.07345524568041434
4.1134632962102105	-0.07366434764031593
4.1153680025242885	-0.07386282364210012
4.1191774151524445	-0.07422698168683461
4.1210821214665225	-0.07439220868667351
4.1229868277806005	-0.07454589969608477
4.124891534094679	-0.0746878303137678
4.126796240408757	-0.07481777743468154
4.128700946722835	-0.07493551927663028
4.130605653036913	-0.07504083540673845
4.132510359350991	-0.07513350676780933
4.134415065665069	-0.07521331570456546
4.136319771979147	-0.07528004598977178
4.138224478293225	-0.07533348285023178
4.140129184607303	-0.07537341299266387
4.142033890921381	-0.07539962462944122
4.143938597235459	-0.07541190750421128
4.145843303549537	-0.07541005291737207
4.147748009863615	-0.07539385375141977
4.149652716177693	-0.07536310449615197
4.151557422491771	-0.07531760127373599
4.153462128805849	-0.0752571418636267
4.155366835119927	-0.07518152572734321
4.157271541434005	-0.07509055403309584
4.159176247748083	-0.07498402968025653
4.161080954062161	-0.07486175732368527
4.162985660376239	-0.07472354339788834
4.164890366690317	-0.07456919614102864
4.166795073004395	-0.07439852561876659
4.168699779318473	-0.07421134374794042
4.170604485632551	-0.07400746432008154
4.172509191946629	-0.07378670302475693
4.174413898260707	-0.07354887747274508
4.176318604574785	-0.07329380721903395
4.180128017202941	-0.07273122068428689
4.182032723517019	-0.07242335343880213
4.183937429831097	-0.07209753960746801
4.187746842459253	-0.07139139272487488
4.189651548773331	-0.07101072516022566
4.191556255087409	-0.07061144202619024
4.195365667715565	-0.0697563834463607
4.197270374029643	-0.0693002906300566
4.199175080343721	-0.06882494754501789
4.202984492971877	-0.06781590017316103
4.204889199285955	-0.06728189632534226
4.206793905600033	-0.06672804312681191
4.2106033182281895	-0.06556021478737056
4.2125080245422675	-0.0649459585352713
4.2144127308563455	-0.06431129074839448
4.2182221434845015	-0.06298018442853254
4.225840968740814	-0.060067271324815874
4.227907767009366	-0.059218622150377986
4.229974565277918	-0.05834474011770818
4.234108161815023	-0.056520695347600236
4.242375354889233	-0.052563607040055416
4.2444421531577845	-0.05150919468875309
4.246508951426337	-0.050428478314634595
4.250642547963443	-0.04818766714552558
4.258909741037652	-0.043385475901431825
4.2609765393062045	-0.04211755042820664
4.263043337574756	-0.04082248599801741
4.267176934111861	-0.03815059527616527
4.27544412718607	-0.0324775694772641
4.291978513334489	-0.019800280979925255
4.294045311603041	-0.01808986742788915
4.2961121098715935	-0.016351393821828708
4.300245706408699	-0.012790177396304114
4.308512899482908	-0.0053302751160257955
4.325047285631326	0.010939060490849528
4.327114083899879	0.013098910315330115
4.329180882168431	0.015286694409758106
4.333314478705535	0.01974588717228354
4.341581671779745	0.02899728657752504
4.358116057928164	0.04881670963851337
4.360044413139687	0.05124097538583372
4.36197276835121	0.05368851685251025
4.365829478774255	0.05865306389690089
4.373542899620345	0.06885729446492606
4.3889697413125255	0.09034187391220144
4.419823424696887	0.13737790653903525
4.421751779908409	0.14048672406202434
4.423680135119932	0.14361438344969724
4.427536845542977	0.14992546964540165
4.435250266389067	0.16276524173666762
4.450677108081248	0.18926902283216213
4.481530791465609	0.24516716419187484
4.483621238631606	0.24907482561875016
4.485711685797603	0.2529958934870787
4.489892580129597	0.26087684812234874
4.498254368793584	0.27678405219589136
4.51497794612156	0.30909722267534595
4.54842510077751	0.3750213251124959
4.550515547943506	0.3791701502010956
4.552605995109504	0.38331979909084835
4.556786889441497	0.39161983528552313
4.565148678105485	0.4082106264896721
4.58187225543346	0.44125577367097535
4.615319410089411	0.5059869957380928
4.6172714141983775	0.5096784573925283
4.619223418307345	0.5133579761590182
4.623127426525279	0.5206796565421011
4.630935442961148	0.5351628786574625
4.646551475832885	0.5634030304082823
4.648503479941851	0.5668574996125354
4.650455484050819	0.570293906855661
4.654359492268753	0.5771110113102413
4.662167508704622	0.5905117347865081
4.677783541576359	0.6162945376439697
4.679735545685325	0.6194145655938537
4.681687549794293	0.622510501347805
4.685591558012227	0.6286286159760386
4.693399574448096	0.6405595140866459
4.709015607319833	0.6631185363270048
4.710967611428799	0.6658092828291888
4.712919615537767	0.6684701540168654
4.716823623755701	0.6737008734643075
4.72463164019157	0.6837885342988959
4.7402476730633065	0.7023927411315266
4.742161412452412	0.7045222621253636
4.744075151841518	0.706617902703638
4.747902630619728	0.7107063405862228
4.755557588176149	0.7184635446713921
4.757471327565255	0.7203137099762397
4.75938506695436	0.7221276454416731
4.763212545732571	0.7256456936824955
4.770867503288993	0.7322346969106603
4.772781242678098	0.733787205437663
4.774694982067203	0.7353012789224119
4.778522460845414	0.7382130643956321
4.7804362002345195	0.7396102545491606
4.782349939623625	0.7409679660494374
4.786177418401836	0.7435639379934034
4.788091157790942	0.7448016975302573
4.790004897180047	0.7459989766575239
4.7938323759582575	0.7482711217095656
4.795746115347363	0.7493455085728988
4.797659854736468	0.7503784569594578
4.801487333514679	0.7523191112503718
4.803401072903784	0.7532263608296856
4.80531481229289	0.7540912593361058
4.8091422910711	0.7556931227444393
4.811056030460206	0.7564296549210037
4.81296976984931	0.7571229706261144
4.8167972486275215	0.7583791205890753
4.818710988016627	0.7589415465554482
4.820624727405733	0.7594599395176547
4.822538466794837	0.759934103167545
4.824452206183943	0.7603638443763561
4.826365945573048	0.7607489732189687
4.828279684962153	0.7610893029979039
4.8301934243512585	0.7613846502670719
4.832107163740364	0.7616348348552495
4.83402090312947	0.7618396798893134
4.835934642518575	0.7619990118171949
4.83784838190768	0.762112660430581
4.839762121296785	0.7621804588873388
4.841675860685891	0.7622022437336777
4.843589600074996	0.7621778549260302
4.845503339464101	0.7621071358526644
4.847417078853207	0.761989933355021
4.849330818242312	0.7618260977487584
4.851244557631418	0.7616154828445341
4.853158297020523	0.7613579459684883
4.855072036409629	0.7610533479824468
4.8569857757987345	0.7607015533038379
4.85889951518784	0.7603024299253105
4.860813254576945	0.7598558494340715
4.86272699396605	0.7593616870309178
4.86480282530963	0.758771730953669
4.86687865665321	0.7581254990500913
4.868954487996789	0.7574228466224084
4.871030319340369	0.7566636340806239
4.873106150683949	0.7558477269687507
4.875181982027528	0.7549749959905481
4.879333644714688	0.7530585711997544
4.881409476058268	0.7520146448178957
4.883485307401847	0.7509134294790836
4.887636970089007	0.7485387247168018
4.889712801432587	0.7472650449671685
4.891788632776167	0.7459336956520064
4.895940295463326	0.7430976665746054
4.8980161268069065	0.7415928394292088
4.900091958150486	0.7400300479914708
4.904243620837645	0.7367303372583998
4.912546946211964	0.729433066559932
4.914622777555543	0.7274631492487283
4.916698608899123	0.7254349407528399
4.920850271586282	0.7212035921315834
4.929153596960601	0.7120410757880653
4.9312294283041815	0.7096046974368517
4.933305259647761	0.7071100578800564
4.9374569223349205	0.7019461175168942
4.945760247709239	0.6909207671626247
4.947836079052818	0.6880194348540504
4.949911910396398	0.6850602343201034
4.954063573083557	0.6789685337536637
4.962366898457876	0.6660943924443374
4.964442729801457	0.6627325320218843
4.966518561145036	0.6593135631220655
4.970670223832196	0.6523047890488776
4.978973549206514	0.6376076421479461
4.9955801999551515	0.6055297515130065
4.997517588241701	0.6015575443705209
4.999454976528251	0.5975378645648699
5.003329753101351	0.5893567805116751
5.0110793062475505	0.5724328101579332
5.02657841253995	0.536382012781867
5.057576625124749	0.45588035849968056
5.059514013411299	0.4504955089227852
5.061451401697849	0.4450707862664932
5.065326178270949	0.4341029438657399
5.073075731417148	0.41170244200065265
5.088574837709547	0.3651155286358586
5.119573050294346	0.26543407078323666
5.1216725305353705	0.25839844033350823
5.1237720107763955	0.25132960313640884
5.127970971258444	0.2370944387477016
5.13636889222254	0.20824929651282237
5.153164734150735	0.1491843255161138
5.186756418007123	0.026602360921504642
5.253939785719899	-0.2273372692178503
5.256001001241062	-0.23513783785687647
5.258062216762224	-0.24293151243290334
5.262184647804549	-0.25849555684018705
5.270429509889199	-0.28951204552590953
5.286919234058499	-0.3509513895319879
5.319898682397099	-0.4702799015231025
5.321959897918262	-0.4775345768708479
5.324021113439424	-0.48476145162443895
5.328143544481749	-0.4991292406302935
5.3363884065664	-0.5275031536053492
5.3528781307357	-0.5826632209811676
5.3858575790743	-0.6855323956073313
5.387780351538433	-0.6911843078349786
5.3897031240025655	-0.6967951538184893
5.393548668930832	-0.7078918248774846
5.401239758787362	-0.729572475112068
5.416621938500423	-0.7707844524576711
5.4185447109645555	-0.7757260811752259
5.420467483428689	-0.7806196767558037
5.424313028356954	-0.7902611310687527
5.432004118213485	-0.8089498114102919
5.447386297926547	-0.8438628258898998
5.4493090703906795	-0.8479885620964701
5.4512318428548125	-0.8520601064968782
5.455077387783078	-0.8600392047107354
5.462768477639609	-0.87533174461965
5.464691250103742	-0.8790142263766014
5.4666140225678745	-0.8826397853789634
5.470459567496141	-0.8897188438834783
5.478150657352671	-0.9031799101787259
5.4800734298168035	-0.9063981695647089
5.4819962022809365	-0.9095570295089692
5.485841747209202	-0.9156953915171667
5.493532837065733	-0.9272468059000678
5.495455609529866	-0.9299819623607889
5.4973783819939985	-0.9326555119354283
5.501223926922265	-0.9378167696566324
5.508915016778795	-0.9473890244240019
5.510999881197402	-0.9498099442687544
5.513084745616009	-0.9521561476960106
5.517254474453224	-0.9566232925922614
5.519339338871831	-0.9587436937743454
5.521424203290438	-0.9607882980301142
5.525593932127652	-0.9646491065744389
5.527678796546259	-0.96646482265142
5.529763660964866	-0.9682037654390936
5.53393338980208	-0.9714504274494826
5.536018254220687	-0.9729577114984362
5.5381031186392935	-0.9743873519657744
5.542272847476508	-0.9770129057663386
5.544357711895115	-0.9782084378469728
5.546442576313723	-0.9793255638909832
5.54852744073233	-0.9803641103258784
5.550612305150937	-0.9813239104436053
5.5526971695695435	-0.9822048044233765
5.55478203398815	-0.983006639353863
5.556866898406757	-0.9837292692547271
5.558951762825364	-0.9843725550975038
5.561036627243971	-0.9849363648258298
5.563121491662578	-0.9854205733750037
5.565206356081186	-0.9858250626908941
5.567291220499793	-0.9861497217481785
5.5693760849183995	-0.9863944465679173
5.571460949337007	-0.9865591402344587
5.573545813755614	-0.9866437129116739
5.575630678174221	-0.9866480818585162
5.577715542592828	-0.9865721714439132
5.579800407011435	-0.9864159131609702
5.581885271430043	-0.9861792456405069
5.5839701358486495	-0.9858621146639047
5.586055000267256	-0.9854644731752753
5.588139864685864	-0.9849862812929433
5.590224729104471	-0.9844275063202489
5.592309593523078	-0.9837881227556551
5.594394457941685	-0.9830681123021702
5.596479322360292	-0.9822674638760814
5.5985641867788996	-0.9813861736149927
5.6006490511975064	-0.9804242448851752
5.602733915616113	-0.9793816882882205
5.604818780034721	-0.9782585216669949
5.608988508871935	-0.9757704659604618
5.611073373290542	-0.9744056488111469
5.613158237709149	-0.9729603655165762
5.617327966546363	-0.9698286242109294
5.61941283096497	-0.9681422962164742
5.621497695383578	-0.966375762111434
5.625667424220792	-0.9626024155011685
5.627752288639399	-0.9605957911160249
5.629837153058006	-0.9585093368562669
5.634006881895219	-0.954097394778805
5.642346339569648	-0.9443209746462351
5.644292760931226	-0.9418571210558784
5.646239182292803	-0.9393246369954514
5.650132025015957	-0.9340543340803515
5.657917710462266	-0.9226965911228902
5.659864131823843	-0.9196878574398123
5.66181055318542	-0.9166117482276019
5.665703395908575	-0.9102581338010269
5.673489081354884	-0.8967507366391448
5.675435502716461	-0.8932083764801952
5.6773819240780385	-0.8896002416409963
5.681274766801193	-0.8821875497887111
5.689060452247502	-0.8665830862752356
5.7046318231401205	-0.8323151061407584
5.7065782445016975	-0.8277501862440126
5.708524665863275	-0.8231237046642363
5.71241750858643	-0.8136872890848135
5.720203194032739	-0.7940895560573031
5.735774564925357	-0.752069874898383
5.766917306710594	-0.6574007843053319
5.768825463352309	-0.6511675903971973
5.770733619994025	-0.6448869326638362
5.774549933277456	-0.6321849417864613
5.782182559844318	-0.6062304819671858
5.797447812978042	-0.5522205194422372
5.827978319245491	-0.4366498650053465
5.889039331780388	-0.18277937551994092
5.891109580376578	-0.17380450616377582
5.893179828972768	-0.16481335054812052
5.897320326165148	-0.14678523220280928
5.905601320549907	-0.11056722331388719
5.922163309319426	-0.03765699955016627
5.955287286858464	0.1086633295273336
5.957357535454654	0.11777495755950063
5.959427784050844	0.1268779474624107
5.963568281243224	0.14505487782941903
5.971849275627983	0.18127062780539718
5.988411264397502	0.2529750582448523
6.02153524193654	0.3920953985697826
6.0234670474757	0.39998272405722657
6.025398853014861	0.40784125493870127
6.029262464093181	0.42346955328120695
6.036989686249821	0.45435455812412034
6.052444130563101	0.5145078080007532
6.054375936102261	0.521864219333254
6.0563077416414215	0.5291825851407034
6.060171352719742	0.5437029568390868
6.0678985748763825	0.5722628575906192
6.083353019189663	0.6273385892111825
6.085284824728824	0.6340211467245996
6.087216630267983	0.640657117041469
6.091080241346303	0.6537872748110545
6.0988074635029434	0.679466508549417
6.114261907816225	0.7283921319364894
6.1161937133553845	0.7342705867177531
6.118125518894545	0.7400947980808997
6.1219891299728655	0.7515787131033108
6.129716352129505	0.7738763029164731
6.145170796442786	0.815696430949031
6.147327271169481	0.8212287603216625
6.149483745896177	0.8266852010596117
6.153796695349569	0.8373683397491869
6.162422594256352	0.8578015157456232
6.1645790689830475	0.8627125558794507
6.166735543709743	0.8675437445314379
6.171048493163135	0.8769647280150049
6.179674392069918	0.8948286738001122
6.181830866796614	0.8990884034044525
6.183987341523309	0.9032648036268623
6.188300290976701	0.9113660259696205
6.196926189883484	0.9265514772940777
6.19908266461018	0.9301338356049561
6.2012391393368755	0.9336298941091031
6.2055520887902675	0.9403617814627867
6.214177987697051	0.9527757907717935
6.216334462423746	0.9556588464095356
6.218490937150442	0.9584531585445315
6.222803886603834	0.963774490418889
6.224960361330529	0.9663010005143395
6.227116836057226	0.968737747870914
6.231429785510617	0.9733410293472207
6.233586260237312	0.9755071225029363
6.235742734964008	0.9775825710364722
6.2400556844174	0.9814607475850479
6.2422121591440956	0.9832631040315691
6.244368633870792	0.9849740727565764
6.248681583324183	0.988121200035073
6.250838058050879	0.9895570570186295
6.252994532777574	0.9909009231714044
6.255151007504271	0.9921526697092737
6.257307482230966	0.9933121766728625
6.259463956957662	0.9943793329397278
6.261620431684358	0.9953540362356277
6.263776906411054	0.9962361931449003
6.265933381137749	0.9970257191199484
6.268089855864445	0.997722538489817
6.2702463305911404	0.998326584467874
6.272402805317836	0.9988377991585862
6.274559280044532	0.9992561335633956
6.276715754771227	0.9995815475856968
6.278872229497923	0.9998140100349
6.281028704224619	0.9999534986295988
6.283185178951315	0.9999999999998351